1.916259288787841797e+00
1.580284595489501953e+00
2.234589159488677979e-01
-5.031591653823852539e-01
-7.008432745933532715e-01
-5.842867493629455566e-01
2.188681840896606445e+00
1.872107267379760742e+00
1.615927934646606445e+00
6.946070790290832520e-01
1.862826824188232422e+00
1.149414658546447754e+00
7.318280171602964401e-03
-1.122168660163879395e+00
-7.254368066787719727e-01
1.895384043455123901e-01
3.160572528839111328e+00
-8.809919953346252441e-01
-7.038178443908691406e-01
-1.790992617607116699e-01
-1.594916701316833496e+00
-7.921457886695861816e-01
1.079140424728393555e+00
6.398358345031738281e-01
1.674990355968475342e-01
-3.869176506996154785e-01
1.475075483322143555e+00
1.969262242317199707e+00
-2.742583751678466797e-01
9.908251762390136719e-01
2.387758642435073853e-01
1.880716681480407715e-01
