-1.221656918525695801e+00 8.111186027526855469e-01 -1.033663272857666016e+00 -5.670112967491149902e-01 -3.535679774358868599e-03 -9.080876596271991730e-03 -3.609744459390640259e-02 1.875774711370468140e-01 -2.748431861400604248e-01 1.135900095105171204e-01 3.659602627158164978e-02 8.345521055161952972e-03 -2.412198111414909363e-02 -1.972981542348861694e-02
6.369954347610473633e-01 5.824143886566162109e-01 4.347047582268714905e-02 -1.614744514226913452e-01 -1.004944834858179092e-02 -5.756619572639465332e-02 3.255926771089434624e-03 -9.244741201400756836e-01 8.772491216659545898e-01 -2.183826714754104614e-01 -4.788081049919128418e-01 1.584833115339279175e-02 -1.136972010135650635e-02 4.143428802490234375e-02
-3.653755486011505127e-01 -5.072068572044372559e-01 -3.440690338611602783e-01 1.378870904445648193e-01 2.243096940219402313e-02 3.435360640287399292e-02 7.873110473155975342e-02 -9.085171222686767578e-01 -2.494736611843109131e-01 -1.013351202011108398e+00 -6.612207293510437012e-01 -4.742464795708656311e-02 -2.339618466794490814e-02 -5.713094770908355713e-02
-1.873408317565917969e+00 9.232997298240661621e-01 2.474078685045242310e-01 -1.225150898098945618e-01 6.280313245952129364e-04 -9.408256039023399353e-03 -3.875308856368064880e-02 -1.434919387102127075e-01 2.526981830596923828e-01 2.537851966917514801e-02 -9.819582104682922363e-02 -5.908218771219253540e-02 3.158121556043624878e-02 -3.728988766670227051e-02
2.545127272605895996e-01 3.190696537494659424e-01 7.240102160722017288e-03 -9.050340950489044189e-02 -4.748257622122764587e-02 -6.596335675567388535e-03 1.254645828157663345e-02 -1.128867626190185547e+00 4.275485575199127197e-01 -1.236307859420776367e+00 6.678373217582702637e-01 7.901687175035476685e-02 -2.283355593681335449e-02 3.363327309489250183e-02
3.785554170608520508e-01 5.052396059036254883e-01 3.860437572002410889e-01 -6.316112726926803589e-02 -1.032848158502019942e-04 -4.417141526937484741e-02 -1.735249161720275879e-02 -2.209373474121093750e+00 -3.282352685928344727e-01 -2.257543802261352539e+00 -3.422207832336425781e-01 -1.610978879034519196e-02 -3.679762408137321472e-02 1.739521510899066925e-02
1.337654292583465576e-01 -7.266793251037597656e-01 -1.679067969322204590e+00 6.528680920600891113e-01 3.957612812519073486e-02 3.307087719440460205e-02 9.147094562649726868e-03 5.402796715497970581e-02 9.132286906242370605e-02 1.614321917295455933e-01 -6.709087640047073364e-02 2.091087028384208679e-02 1.318943221122026443e-03 3.187540918588638306e-03
2.742193937301635742e-01 2.662198841571807861e-01 6.289087980985641479e-02 -5.977037921547889709e-02 -2.669300138950347900e-02 -7.174622267484664917e-02 3.091874159872531891e-02 -7.671232819557189941e-01 -7.998843789100646973e-01 1.780111074447631836e+00 -1.413297653198242188e-02 1.446589920669794083e-02 4.607509821653366089e-02 2.877604402601718903e-02
-8.636542409658432007e-02 2.163009345531463623e-02 -4.863758012652397156e-02 3.927459195256233215e-02 -1.001171488314867020e-02 2.219797670841217041e-02 4.097261466085910797e-03 2.048483371734619141e+00 4.183860719203948975e-01 1.844200253486633301e+00 -5.679816007614135742e-01 1.392532791942358017e-02 -5.704920366406440735e-02 1.085059065371751785e-02
-4.401934444904327393e-01 -1.444900929927825928e-01 -2.067351341247558594e-01 1.251375079154968262e-01 2.073809877038002014e-02 1.116173248738050461e-02 7.129888236522674561e-02 2.217540740966796875e+00 -3.311435505747795105e-02 1.258579343557357788e-01 -8.004187941551208496e-01 -7.165598869323730469e-02 -5.140553787350654602e-02 -1.136038172990083694e-02
-9.658376872539520264e-02 -4.638732969760894775e-02 2.621119469404220581e-02 4.879477247595787048e-02 2.752685546875000000e-02 -1.619333773851394653e-02 -2.416952326893806458e-02 2.433710575103759766e+00 5.649340748786926270e-01 9.310033172369003296e-02 -1.241441145539283752e-01 -4.076812788844108582e-02 -4.623729735612869263e-02 9.697193279862403870e-03
3.813494369387626648e-02 4.204517006874084473e-01 1.504997536540031433e-02 -1.508624702692031860e-01 -4.170590266585350037e-02 -3.130988776683807373e-02 4.328261688351631165e-02 -5.419544577598571777e-01 -9.679407477378845215e-01 7.290729880332946777e-01 7.011048197746276855e-01 1.808720454573631287e-02 2.608721889555454254e-02 1.620675250887870789e-02
-9.017167985439300537e-02 9.096574038267135620e-02 -8.262005448341369629e-02 -7.198888063430786133e-02 5.043842364102602005e-03 3.565097972750663757e-02 -6.037807464599609375e-02 1.723460674285888672e+00 1.305172324180603027e+00 -7.114891409873962402e-01 3.485549688339233398e-01 -3.831050917506217957e-02 -3.277198597788810730e-02 5.154378339648246765e-02
-7.729151248931884766e-01 -7.104478478431701660e-01 -5.062608718872070312e-01 3.028687238693237305e-01 4.271809011697769165e-02 -6.273181061260402203e-04 -4.657738283276557922e-02 1.449559211730957031e+00 3.545317649841308594e-01 2.043695688247680664e+00 -7.439358830451965332e-01 -3.991977125406265259e-02 -2.877912484109401703e-02 -5.955173447728157043e-02
1.690226078033447266e+00 -1.926658749580383301e-01 2.079485893249511719e+00 -1.105315163731575012e-01 1.322325691580772400e-02 1.286968681961297989e-02 7.075640314724296331e-05 -8.958422392606735229e-02 1.387526690959930420e-01 -3.471862524747848511e-02 7.614106871187686920e-03 -4.054664820432662964e-02 2.350151911377906799e-02 -1.129514165222644806e-02
4.273295104503631592e-01 5.958586335182189941e-01 -1.949290633201599121e-01 -5.435376614332199097e-02 -8.061687648296356201e-02 2.849700301885604858e-02 -5.419627577066421509e-02 1.970528721809387207e+00 -4.728913903236389160e-01 -4.309491813182830811e-01 6.211739182472229004e-01 3.525548428297042847e-02 3.976951166987419128e-02 1.785272359848022461e-02
-3.163343071937561035e-01 -3.553411662578582764e-01 -1.373676359653472900e-01 2.069377526640892029e-02 1.576356031000614166e-02 -2.598481997847557068e-02 -8.091849274933338165e-03 1.829111695289611816e+00 9.400118589401245117e-01 1.681431531906127930e+00 -6.992101073265075684e-01 -5.707636848092079163e-02 -1.520950254052877426e-02 -1.611859537661075592e-02
3.944958150386810303e-01 -4.534023106098175049e-01 3.627247363328933716e-02 -2.180985212326049805e-01 -5.312354117631912231e-02 -6.412973254919052124e-02 -2.624494582414627075e-02 -9.265684485435485840e-01 -1.181241750717163086e+00 -8.943044543266296387e-01 6.674945354461669922e-01 4.779217392206192017e-02 -2.461237646639347076e-02 1.142311841249465942e-02
7.150840759277343750e-01 1.050783991813659668e+00 4.105392396450042725e-01 -2.572666406631469727e-01 8.526124060153961182e-03 -2.103790454566478729e-02 9.807770140469074249e-03 -1.157038927078247070e+00 -1.086579799652099609e+00 -7.828794717788696289e-01 3.365454971790313721e-01 -1.274910103529691696e-02 8.930296637117862701e-03 -1.037677284330129623e-02
8.554123044013977051e-01 -9.498608708381652832e-01 1.329592615365982056e-01 7.462159395217895508e-01 5.478750541806221008e-02 -3.059575147926807404e-02 3.722867369651794434e-02 -2.997886836528778076e-01 6.264543533325195312e-01 -6.377116590738296509e-02 -4.582161307334899902e-01 -3.165683895349502563e-02 -5.656584724783897400e-02 -4.466671962291002274e-03
3.157659769058227539e-01 -1.127207398414611816e+00 -2.122108936309814453e+00 -4.008423984050750732e-01 -1.769982464611530304e-02 -1.695634126663208008e-01 1.520236115902662277e-02 9.104622155427932739e-02 -6.719329208135604858e-02 -4.370974749326705933e-02 1.851330101490020752e-01 -3.171744570136070251e-02 -9.345667785964906216e-04 1.093295961618423462e-02
-8.481143116950988770e-01 8.717656731605529785e-01 -1.418035745620727539e+00 -1.193616166710853577e-01 -2.711959369480609894e-02 6.422857195138931274e-02 5.250629410147666931e-02 5.657207369804382324e-01 -7.922683954238891602e-01 1.379576772451400757e-01 2.762196362018585205e-01 -1.605425402522087097e-02 4.532698169350624084e-02 -8.172863163053989410e-03
1.572928577661514282e-02 2.304505109786987305e-01 -3.225196525454521179e-02 -2.308845072984695435e-01 -1.090347096323966980e-01 -4.866972938179969788e-02 -1.210428867489099503e-02 -6.704462170600891113e-01 9.885879755020141602e-01 1.288208007812500000e+00 5.260429978370666504e-01 8.930490911006927490e-02 3.109646961092948914e-03 7.390338927507400513e-02
-2.183948159217834473e-01 -1.271682083606719971e-01 1.512551188468933105e+00 9.104281663894653320e-02 3.394952788949012756e-02 -2.305813692510128021e-02 2.360380627214908600e-02 1.782454922795295715e-02 -4.373738169670104980e-02 -6.139993667602539062e-03 -3.958268091082572937e-02 -5.281418561935424805e-03 -2.167365513741970062e-02 1.290809735655784607e-02
-8.993189930915832520e-01 -3.357180953025817871e-01 -6.374245882034301758e-01 1.094853401184082031e+00 6.799103319644927979e-02 1.032782420516014099e-01 -7.119737565517425537e-02 2.863849885761737823e-02 -3.001964390277862549e-01 1.397224962711334229e-01 -4.134047031402587891e-02 4.622052423655986786e-03 2.219828218221664429e-02 -2.397548407316207886e-02
-1.121211290359497070e+00 -8.864930272102355957e-01 1.840934902429580688e-02 -4.350499510765075684e-01 2.645983546972274780e-02 2.360484562814235687e-02 -4.557191953063011169e-02 1.175401806831359863e+00 -1.214341402053833008e+00 -5.964447557926177979e-02 5.856556296348571777e-01 5.564632266759872437e-02 -2.946838736534118652e-02 1.547166984528303146e-02
-1.670051693916320801e+00 -7.796586155891418457e-01 6.975618004798889160e-02 -4.870548546314239502e-01 -3.685163334012031555e-02 -7.445006072521209717e-02 3.771122917532920837e-02 -1.346154510974884033e-01 2.340136319398880005e-01 2.481059581041336060e-01 -1.614015549421310425e-01 -9.314738214015960693e-03 8.734399452805519104e-03 1.652284711599349976e-02
-1.716727733612060547e+00 -1.336041390895843506e-01 -2.262090444564819336e+00 -5.200594067573547363e-01 -5.417186766862869263e-02 -1.897881925106048584e-02 -2.046463778242468834e-03 2.315736413002014160e-01 -1.355112195014953613e-01 3.997152380179613829e-04 3.203444415703415871e-03 -9.014662355184555054e-03 1.981321547646075487e-04 7.604156620800495148e-03
-1.261717557907104492e+00 -4.831391870975494385e-01 -9.229420423507690430e-01 1.336840242147445679e-01 -5.048854276537895203e-03 5.467394366860389709e-03 -4.554210975766181946e-02 -1.142641827464103699e-01 1.457096457481384277e+00 4.747029021382331848e-02 2.474622577428817749e-01 6.634739227592945099e-03 2.311659231781959534e-02 2.410647459328174591e-02
1.771755695343017578e+00 2.207479625940322876e-01 -2.153665423393249512e-01 1.499280631542205811e-01 -3.103937022387981415e-03 2.386834099888801575e-02 7.940629497170448303e-03 -9.886812418699264526e-02 2.398266643285751343e-01 -1.737158000469207764e-01 -4.646851867437362671e-02 9.954218752682209015e-03 -8.946982212364673615e-03 3.651612997055053711e-02
2.815670073032379150e-01 1.229248762130737305e+00 -1.181919723749160767e-01 -7.057427763938903809e-01 -1.344611868262290955e-02 -3.715154156088829041e-02 -2.929514274001121521e-02 8.386291563510894775e-02 -3.055348992347717285e-01 3.705887794494628906e-01 -1.351648718118667603e-01 3.617560490965843201e-02 -4.879807308316230774e-02 2.326735295355319977e-02
-1.385532379150390625e+00 1.608632564544677734e+00 8.971548080444335938e-01 2.874687612056732178e-01 2.020423673093318939e-02 7.033617049455642700e-02 -1.112895365804433823e-02 3.621765971183776855e-01 -1.436542137525975704e-03 1.391251981258392334e-01 -8.611736819148063660e-03 -1.650574151426553726e-03 3.992351889610290527e-02 -7.553169503808021545e-03
