-1.560294508934020996e+00
2.269433498382568359e+00
3.544703483581542969e+00
1.055437803268432617e+00
1.648350596427917480e+00
3.654286861419677734e+00
2.234060525894165039e+00
1.714342594146728516e+00
4.452826380729675293e-01
1.420431613922119141e+00
2.397234678268432617e+00
7.346277236938476562e-01
8.033049106597900391e-01
2.140686064958572388e-01
3.538727283477783203e+00
9.088745713233947754e-01
1.138593256473541260e-01
2.730284929275512695e+00
2.938842773437500000e+00
-3.081012368202209473e-01
-1.232061505317687988e+00
8.928493857383728027e-01
3.029415607452392578e+00
1.798654913902282715e+00
3.239928245544433594e+00
2.105959415435791016e+00
-4.334002137184143066e-01
1.266782045364379883e+00
-2.750674821436405182e-02
5.601949214935302734e+00
1.226274520158767700e-01
-4.615757465362548828e-01
