4.472087696194648743e-02
3.980834409594535828e-02
-6.157165626063942909e-04
5.196555331349372864e-02
2.334859222173690796e-02
3.531888499855995178e-02
4.140029102563858032e-02
2.404415234923362732e-02
2.986541204154491425e-02
-4.800797559977739013e-19
3.433395549654960632e-02
2.814378216862678528e-02
3.974971547722816467e-02
2.268145605921745300e-02
2.561995014548301697e-02
3.917120024561882019e-02
2.629650756716728210e-02
3.742113709449768066e-02
5.456097051501274109e-02
4.140859469771385193e-02
4.391596093773841858e-02
3.712965548038482666e-02
4.474503546953201294e-02
3.571900725364685059e-02
-1.061902381479740143e-03
5.306739732623100281e-02
4.327956959605216980e-02
2.111996337771415710e-02
3.522507473826408386e-02
3.677510097622871399e-02
4.132826626300811768e-02
3.608153387904167175e-02
4.732357710599899292e-02
4.087153822183609009e-02
2.386435307562351227e-02
4.602669551968574524e-02
3.247881680727005005e-02
3.294829279184341431e-02
2.126189135015010834e-02
-7.110922160791233182e-05
4.373648762702941895e-02
2.569304220378398895e-02
4.390251263976097107e-02
3.767939284443855286e-02
4.007086902856826782e-02
4.571332409977912903e-02
-1.296508069103662113e-21
3.038974292576313019e-02
4.828706756234169006e-02
3.379933163523674011e-02
-4.442458448465913534e-04
-1.110863725640415614e-16
-7.808029768057167530e-04
4.087380319833755493e-02
-9.151459089480340481e-04
3.198916465044021606e-02
2.606981992721557617e-02
4.418013617396354675e-02
3.427821397781372070e-02
2.942319214344024658e-02
4.501173645257949829e-02
-1.460343347983728002e-13
4.640663787722587585e-02
4.026775434613227844e-02
