-4.567805826663970947e-01
-5.505949854850769043e-01
-4.046645164489746094e-01
-3.798068761825561523e-01
-4.713507890701293945e-01
-5.260264277458190918e-01
-7.032550871372222900e-02
-5.167474746704101562e-01
-5.680668950080871582e-01
-4.180124104022979736e-01
-7.419001460075378418e-01
-2.061425475403666496e-03
-4.660186469554901123e-01
-4.658560454845428467e-01
-7.237755656242370605e-01
-5.451634526252746582e-01
-7.172740250825881958e-02
-6.454346776008605957e-01
-6.088642477989196777e-01
-3.697750568389892578e-01
-4.835382699966430664e-01
-8.514592647552490234e-01
-6.399655938148498535e-01
-5.352777838706970215e-01
-6.433774828910827637e-01
-5.481157898902893066e-01
-1.193370580673217773e+00
-1.548415720462799072e-01
-5.184078812599182129e-01
-5.451216697692871094e-01
-3.971436917781829834e-01
-5.675780773162841797e-01
-5.929930210113525391e-01
-6.465701460838317871e-01
-7.759507298469543457e-01
-5.386921763420104980e-01
-5.948526859283447266e-01
-6.766700744628906250e-01
-4.832066893577575684e-01
-5.717344284057617188e-01
-2.630254030227661133e-01
-5.052541494369506836e-01
-5.739802718162536621e-01
-5.261241793632507324e-01
-2.141313552856445312e-01
-3.089635372161865234e-01
-9.238856434822082520e-01
-3.946533501148223877e-01
-6.541194319725036621e-01
-3.494269549846649170e-01
-3.755119144916534424e-01
-2.011549621820449829e-01
-6.097859740257263184e-01
-7.084801197052001953e-01
-6.088588237762451172e-01
-6.484251618385314941e-01
-7.115131020545959473e-01
-4.938164055347442627e-01
-4.690664112567901611e-01
-6.419576406478881836e-01
-3.180206418037414551e-01
-4.193711876869201660e-01
-5.316311717033386230e-01
-2.460403889417648315e-01
-4.687740504741668701e-01
-3.829914033412933350e-01
-8.543046712875366211e-01
-5.641239285469055176e-01
-7.267003655433654785e-01
-7.770642638206481934e-01
-5.418764948844909668e-01
-1.017099395394325256e-01
-5.549758076667785645e-01
-5.634549856185913086e-01
-6.824554204940795898e-01
-5.331265926361083984e-01
-5.885973572731018066e-01
-1.647232621908187866e-01
-9.070326685905456543e-01
-6.582211852073669434e-01
-5.470312833786010742e-01
-1.792253702878952026e-01
-5.676454305648803711e-01
-8.399591445922851562e-01
-6.701928377151489258e-01
-4.978569149971008301e-01
-6.952378749847412109e-01
-5.882943272590637207e-01
-5.200464129447937012e-01
-1.122930496931076050e-01
-4.029671549797058105e-01
-7.470663785934448242e-01
-5.258404016494750977e-01
-4.247455298900604248e-01
-5.304192900657653809e-01
-1.824549883604049683e-01
-3.537766039371490479e-01
-2.741753160953521729e-01
-3.189921975135803223e-01
-4.822493195533752441e-01
-6.067356467247009277e-01
-1.990203112363815308e-01
-9.007213264703750610e-02
-3.691953420639038086e-01
-8.822962045669555664e-01
-5.133246071636676788e-03
-5.426319241523742676e-01
-5.628668665885925293e-01
-5.506472587585449219e-01
-4.155946522951126099e-02
-1.022690534591674805e+00
-4.543950557708740234e-01
-5.159041285514831543e-01
-5.128285884857177734e-01
-2.818479835987091064e-01
-7.936459183692932129e-01
-2.282114326953887939e-01
-2.139748930931091309e-01
-4.910232424736022949e-01
-1.143115758895874023e-01
-4.910961687564849854e-01
-6.487321853637695312e-01
-1.510580033063888550e-01
-5.504456162452697754e-01
-6.686599850654602051e-01
-5.974743962287902832e-01
-3.799946904182434082e-01
-6.434429883956909180e-01
-7.129962444305419922e-01
-6.034361124038696289e-01
-2.165286391973495483e-01
-6.879256963729858398e-01
-5.408518314361572266e-01
-4.805010557174682617e-01
-7.092564105987548828e-01
-4.269571602344512939e-01
-6.265823841094970703e-01
-5.635433197021484375e-01
-6.949954032897949219e-01
-5.516315102577209473e-01
-6.056951880455017090e-01
-5.803573131561279297e-01
-5.160489678382873535e-01
-5.631745457649230957e-01
-4.847938418388366699e-01
-4.107303321361541748e-01
-5.573479533195495605e-01
-9.202194213867187500e-01
-6.000881195068359375e-01
-1.560409069061279297e-01
-1.264898627996444702e-01
-6.735121011734008789e-01
-6.683303713798522949e-01
-6.971572041511535645e-01
-5.043840408325195312e-01
-5.758178234100341797e-01
-4.154526889324188232e-01
-4.477276206016540527e-01
-6.256651282310485840e-01
-6.276357173919677734e-01
-1.077663779258728027e+00
-9.694834798574447632e-02
-5.218634605407714844e-01
-1.819183826446533203e-01
-4.701770246028900146e-01
-6.348841786384582520e-01
-5.853365659713745117e-01
-3.408321738243103027e-01
-5.177177786827087402e-01
-6.745954751968383789e-01
-6.675937026739120483e-02
-6.413057446479797363e-01
-3.720675110816955566e-01
-5.394168496131896973e-01
-3.799686729907989502e-01
-5.669171214103698730e-01
-5.887957215309143066e-01
-2.727170586585998535e-01
-6.117366552352905273e-01
-6.490693688392639160e-01
-6.458267569541931152e-01
-8.592989295721054077e-02
-1.110100671648979187e-01
-5.017341375350952148e-01
-4.537338856607675552e-03
-4.648081660270690918e-01
-4.594177901744842529e-01
-5.402055978775024414e-01
-6.005982160568237305e-01
-6.270664334297180176e-01
-6.239168047904968262e-01
-1.129186153411865234e-01
-5.677660107612609863e-01
-4.227319955825805664e-01
-5.592984557151794434e-01
-5.274980664253234863e-01
-5.444208979606628418e-01
-4.584550857543945312e-01
-5.174214243888854980e-01
-5.399023294448852539e-01
-5.260838270187377930e-01
-6.027601361274719238e-01
-6.050242185592651367e-01
-2.968730330467224121e-01
-5.901448726654052734e-01
-1.275310814380645752e-01
-5.646969676017761230e-01
-6.258436441421508789e-01
-1.031711220741271973e+00
-8.247095346450805664e-02
-6.633982062339782715e-01
-9.524073004722595215e-01
-5.049696564674377441e-01
-5.498435497283935547e-01
-5.929425954818725586e-01
-2.373650223016738892e-01
-4.649491012096405029e-01
-5.747124552726745605e-01
-5.849478840827941895e-01
-2.284222990274429321e-01
-5.815784335136413574e-01
-5.912345051765441895e-01
-3.413659334182739258e-01
-5.516811013221740723e-01
-6.519575715065002441e-01
-5.743130445480346680e-01
-7.899846136569976807e-02
-5.519946217536926270e-01
-3.437817990779876709e-01
-5.817497372627258301e-01
-5.985592603683471680e-01
-5.288497805595397949e-01
-6.149538159370422363e-01
-5.047905445098876953e-01
-1.558294147253036499e-01
-5.344243049621582031e-01
-7.093107104301452637e-01
-4.703711271286010742e-01
-5.025709271430969238e-01
-5.763444304466247559e-01
-6.050550341606140137e-01
-6.527758240699768066e-01
-3.508660197257995605e-01
-5.544272065162658691e-01
-4.267275631427764893e-01
-8.370477557182312012e-01
-3.416629433631896973e-01
-2.919141352176666260e-01
-6.233085393905639648e-01
-5.257650613784790039e-01
-3.951014280319213867e-01
-5.010116696357727051e-01
-5.749938488006591797e-01
-4.932339787483215332e-01
-2.953812777996063232e-01
-7.145678400993347168e-01
-3.376816809177398682e-01
-6.040499210357666016e-01
-5.046692490577697754e-01
-2.102371603250503540e-01
-3.245472311973571777e-01
-4.239630699157714844e-01
-6.874893307685852051e-01
-9.868559837341308594e-01
-6.024833321571350098e-01
-1.437643319368362427e-01
-2.122622579336166382e-01
-2.952252030372619629e-01
-5.236947536468505859e-01
-3.407823741436004639e-01
-5.870686173439025879e-01
-4.811998307704925537e-01
-1.683805584907531738e-01
-4.367715716361999512e-01
-7.050580382347106934e-01
-4.749046862125396729e-01
-5.654046535491943359e-01
-5.531632304191589355e-01
-4.814058244228363037e-01
-5.704496502876281738e-01
-6.050129532814025879e-01
-4.076046049594879150e-01
-4.333889186382293701e-01
-5.164855718612670898e-01
-1.480675786733627319e-01
-2.615776956081390381e-01
-6.182890534400939941e-01
-5.556954741477966309e-01
-7.364677786827087402e-01
-7.356251478195190430e-01
-7.714745998382568359e-01
-6.100742220878601074e-01
-4.693405330181121826e-01
-7.302076816558837891e-01
-5.097899436950683594e-01
-1.157009750604629517e-01
-6.300074458122253418e-01
-6.133481860160827637e-01
-6.378161311149597168e-01
-6.232034564018249512e-01
-6.930198669433593750e-01
-5.631775856018066406e-01
-6.283013820648193359e-01
-2.993422746658325195e-01
-6.195752024650573730e-01
-5.645669698715209961e-01
-6.137079000473022461e-01
-8.038983941078186035e-01
-6.662446856498718262e-01
-5.365919470787048340e-01
-5.570357441902160645e-01
-6.636452674865722656e-01
-5.364401936531066895e-01
-5.357295274734497070e-01
-5.699332952499389648e-01
-2.657457292079925537e-01
-6.202208399772644043e-01
-3.083787560462951660e-01
-7.146504521369934082e-01
-5.185399651527404785e-01
-4.634425938129425049e-01
-6.948837637901306152e-01
-3.628341555595397949e-01
-7.261673212051391602e-01
-5.018790960311889648e-01
-6.339956521987915039e-01
-6.096125841140747070e-01
-6.062745451927185059e-01
-5.962280035018920898e-01
-3.002332150936126709e-01
-6.099915504455566406e-02
-3.610407412052154541e-01
-5.944558382034301758e-01
-3.554086089134216309e-01
-6.914840340614318848e-01
-3.880444467067718506e-01
-5.567729473114013672e-01
-1.089864224195480347e-02
-1.519407182931900024e-01
-5.701410174369812012e-01
-3.628466427326202393e-01
-2.611830830574035645e-01
-8.455133438110351562e-02
-6.430605649948120117e-01
-5.160228013992309570e-01
-4.933007061481475830e-01
-5.496980547904968262e-01
-5.614507794380187988e-01
-3.834818303585052490e-01
-9.660512953996658325e-02
-3.888503313064575195e-01
-6.626564264297485352e-01
-5.933604240417480469e-01
-6.266602277755737305e-01
-2.745620906352996826e-01
-2.847424149513244629e-01
-7.482607960700988770e-01
-6.455118656158447266e-01
-3.993991017341613770e-01
-5.253738760948181152e-01
-2.590169906616210938e-01
-3.814904987812042236e-01
-6.101814508438110352e-01
-5.717033147811889648e-01
-3.952827751636505127e-01
-4.769683182239532471e-01
-5.799070596694946289e-01
-1.803269237279891968e-02
-6.819953322410583496e-01
-6.181216239929199219e-01
-6.542913317680358887e-01
-5.926040410995483398e-01
-5.732315033674240112e-02
-4.852876663208007812e-01
-3.628211915493011475e-01
-4.943747520446777344e-01
-6.059162616729736328e-01
-5.661960244178771973e-01
-5.411663055419921875e-01
-5.246866941452026367e-01
-6.415513753890991211e-01
-1.163058653473854065e-01
-3.227521777153015137e-01
-6.117835044860839844e-01
-5.699138045310974121e-01
-3.361172974109649658e-01
-4.309831559658050537e-01
-5.637174248695373535e-01
-1.534011121839284897e-02
-1.169101238250732422e+00
-6.433551311492919922e-01
-1.004840433597564697e-02
-4.728483557701110840e-01
-7.883305549621582031e-01
-5.154927968978881836e-01
-5.279023647308349609e-01
-1.149141974747180939e-02
-7.001479864120483398e-01
-4.378806054592132568e-01
-9.138911217451095581e-02
-6.402027606964111328e-01
-5.703207850456237793e-01
-6.516501903533935547e-01
-6.139380931854248047e-01
-9.656644463539123535e-01
-5.450952053070068359e-01
-2.246648073196411133e-01
-5.741351842880249023e-01
-5.024126172065734863e-01
-1.704481393098831177e-01
-5.922342538833618164e-01
-4.412474930286407471e-01
-4.816993474960327148e-01
-1.167099624872207642e-01
-3.520944416522979736e-01
-6.437861323356628418e-01
-2.886296808719635010e-01
-5.580484867095947266e-01
-5.123404264450073242e-01
-6.388776898384094238e-01
-1.405041515827178955e-01
-1.745848730206489563e-02
-2.689561545848846436e-01
-4.459193944931030273e-01
-5.110596418380737305e-01
-5.464454889297485352e-01
-4.636242091655731201e-01
-4.623115956783294678e-01
-4.860140085220336914e-01
-4.275878369808197021e-01
-5.297644734382629395e-01
-3.414081335067749023e-01
-5.836381912231445312e-01
-6.670287847518920898e-01
-4.920675456523895264e-01
-3.153866529464721680e-01
-7.302392125129699707e-01
-5.415573120117187500e-01
-4.055022001266479492e-01
-3.780524432659149170e-01
-1.522347629070281982e-01
-1.072196811437606812e-01
-1.070160940289497375e-01
-4.655743539333343506e-01
-7.375816702842712402e-01
-4.924431741237640381e-01
-4.617067277431488037e-01
-6.665766239166259766e-01
-5.338771939277648926e-01
-4.861026108264923096e-01
-6.226900219917297363e-01
-5.848258137702941895e-01
-4.092960953712463379e-01
-6.730057597160339355e-01
-4.913245737552642822e-01
-7.261632084846496582e-01
-4.040660858154296875e-01
-4.271177053451538086e-01
-5.507192015647888184e-01
-5.609596371650695801e-01
-1.244311928749084473e-01
-3.880379498004913330e-01
-5.127534270286560059e-01
-1.129526123404502869e-01
-1.877692043781280518e-01
-3.915356993675231934e-01
-3.077557086944580078e-01
-5.918012261390686035e-01
-6.251202821731567383e-01
-1.624514907598495483e-01
-2.765836417675018311e-01
-7.232888340950012207e-01
-4.984958469867706299e-01
-3.814642429351806641e-01
-5.600959658622741699e-01
-2.208909690380096436e-01
-5.196861028671264648e-01
-5.517019629478454590e-01
-5.311023592948913574e-01
-7.780438065528869629e-01
-6.371257901191711426e-01
-6.766557097434997559e-01
-5.317973494529724121e-01
-4.071840047836303711e-01
-5.407395362854003906e-01
-5.874277949333190918e-01
-6.578238606452941895e-01
-7.896442413330078125e-01
-4.548245072364807129e-01
-7.617909312248229980e-01
-5.409578680992126465e-01
-3.881317377090454102e-01
-7.190929651260375977e-01
-4.459992349147796631e-01
-3.712752163410186768e-01
-3.041808009147644043e-01
-1.368333250284194946e-01
-1.417991369962692261e-01
-1.865425556898117065e-01
-6.416958570480346680e-02
-6.434965729713439941e-01
-5.238848328590393066e-01
-5.811246633529663086e-01
-4.783841967582702637e-01
-5.806233882904052734e-01
-1.913313716650009155e-01
-5.102230906486511230e-01
-4.208200275897979736e-01
-5.485553145408630371e-01
-3.495993614196777344e-01
-3.200316727161407471e-01
-6.733404994010925293e-01
-3.886471986770629883e-01
-5.660080313682556152e-01
-6.915754675865173340e-01
-4.164312034845352173e-02
-3.454999327659606934e-01
-6.810078024864196777e-01
-3.707219362258911133e-01
-6.894686818122863770e-01
-6.424044370651245117e-01
-5.283315181732177734e-01
-5.958658456802368164e-01
-4.759606122970581055e-01
-6.288451552391052246e-01
-1.750253736972808838e-01
-5.567616224288940430e-01
-1.254156231880187988e-01
-5.285160541534423828e-01
-4.896658957004547119e-01
-7.770000696182250977e-01
-6.399945616722106934e-01
-7.909519672393798828e-01
-7.420541048049926758e-01
-9.967552125453948975e-02
-7.135905027389526367e-01
-1.084186553955078125e+00
-7.874099016189575195e-01
-1.760010570287704468e-01
-5.619056224822998047e-01
-4.285362362861633301e-01
-5.106491446495056152e-01
-4.128099977970123291e-01
-5.211014747619628906e-01
-1.456863135099411011e-01
-5.633261203765869141e-01
-5.143853425979614258e-01
-8.773704767227172852e-01
-5.987135171890258789e-01
-4.611830413341522217e-01
-5.766451358795166016e-01
-8.147000521421432495e-02
-6.447624564170837402e-01
-4.018170833587646484e-01
-5.712729692459106445e-01
-4.747516810894012451e-01
-3.213475272059440613e-02
-5.660426020622253418e-01
-4.480197727680206299e-01
-3.887445032596588135e-01
-4.928454160690307617e-01
-1.204591393470764160e-01
-4.504901170730590820e-01
-5.416796207427978516e-01
-1.687306910753250122e-01
-8.252825587987899780e-02
-2.773537933826446533e-01
-9.986190125346183777e-03
-7.031369209289550781e-01
-3.169861435890197754e-01
-5.119259953498840332e-01
-6.249956488609313965e-01
-5.518021583557128906e-01
-6.045244932174682617e-01
-5.449807643890380859e-01
-4.787469804286956787e-01
-3.597064614295959473e-01
-4.962782561779022217e-01
-6.146513223648071289e-01
-3.042472898960113525e-01
-7.396415472030639648e-01
-2.833080589771270752e-01
-3.746846020221710205e-01
-3.150565624237060547e-01
-5.697373151779174805e-01
-6.065675020217895508e-01
-4.011305570602416992e-01
-4.339114129543304443e-01
-3.423756361007690430e-01
-6.776179075241088867e-01
-5.345870256423950195e-01
-5.593968629837036133e-01
-3.925888538360595703e-01
-5.859167873859405518e-02
-8.232463598251342773e-01
-5.257582664489746094e-01
-6.155156493186950684e-01
-6.119039654731750488e-01
-7.133952379226684570e-01
-5.829750895500183105e-01
-4.054933786392211914e-01
-8.057571053504943848e-01
-1.828998886048793793e-02
-1.007444574497640133e-03
-7.404509186744689941e-01
-5.109593272209167480e-01
-4.585389494895935059e-01
-5.275093913078308105e-01
-6.012642979621887207e-01
-5.555824562907218933e-02
-4.548773765563964844e-01
-1.417428255081176758e-01
-2.712168991565704346e-01
-6.825144886970520020e-01
-4.829396903514862061e-01
-5.149604678153991699e-01
-5.484187602996826172e-01
-6.574791669845581055e-01
-6.003834605216979980e-01
-1.542259156703948975e-01
-4.874041974544525146e-01
-5.436501502990722656e-01
-8.400686979293823242e-01
-6.049790382385253906e-01
-2.932514548301696777e-01
-6.951259374618530273e-01
-4.090597927570343018e-01
-6.897435188293457031e-01
-6.226037144660949707e-01
-6.406754851341247559e-01
-4.587565064430236816e-01
-5.915040969848632812e-01
-4.978873431682586670e-01
-1.189381182193756104e-01
-5.809392035007476807e-02
-6.263905763626098633e-01
-5.460521578788757324e-01
-6.087611317634582520e-01
-5.918665528297424316e-01
-2.289184927940368652e-01
-4.480696320533752441e-01
-4.958330094814300537e-01
-6.857731938362121582e-02
-4.524088203907012939e-01
-5.138238072395324707e-01
-5.291533470153808594e-01
-4.159038066864013672e-01
-5.851870775222778320e-01
-1.938587576150894165e-01
-5.096338987350463867e-01
-7.947243452072143555e-01
-4.550459682941436768e-01
-1.970991678535938263e-02
-3.847873806953430176e-01
-5.463364124298095703e-01
-4.923039674758911133e-01
-4.875378906726837158e-01
-4.830304682254791260e-01
-6.045259237289428711e-01
-5.770111083984375000e-01
-2.943791747093200684e-01
-6.100059747695922852e-01
-5.240121483802795410e-01
-1.503560096025466919e-01
-1.953886300325393677e-01
-5.088040828704833984e-01
-5.956664681434631348e-01
-6.606757044792175293e-01
-4.498412609100341797e-01
-4.645856320858001709e-01
-3.646028339862823486e-01
-9.222470521926879883e-01
-6.449216008186340332e-01
-5.326254963874816895e-01
-8.924873173236846924e-02
-3.373861908912658691e-01
-5.928145647048950195e-01
-5.753837823867797852e-01
-7.338424921035766602e-01
-6.106904149055480957e-01
-5.118250250816345215e-01
-6.466616988182067871e-01
-6.764463782310485840e-01
-4.360641837120056152e-01
-1.787986457347869873e-01
-6.339899301528930664e-01
-7.248118519783020020e-01
-5.459254980087280273e-01
-3.653347492218017578e-01
-3.330385684967041016e-01
-3.967041969299316406e-01
-5.276045799255371094e-01
-4.178353548049926758e-01
-1.132885590195655823e-01
-6.312928795814514160e-01
-3.891674876213073730e-01
-4.514811933040618896e-01
-1.557626575231552124e-01
-4.533992707729339600e-01
-5.577000975608825684e-01
-1.383344829082489014e-01
-5.214506983757019043e-01
-4.607410430908203125e-01
-6.899690628051757812e-01
-4.480575025081634521e-01
-8.991244435310363770e-01
-1.324943900108337402e-01
-8.969397544860839844e-01
-5.379608869552612305e-01
-4.363906681537628174e-01
-5.409238338470458984e-01
-3.340435028076171875e-01
-4.227350950241088867e-01
-5.412377119064331055e-01
-7.949572205543518066e-01
-5.914449691772460938e-01
-5.478876233100891113e-01
-7.889357805252075195e-01
-7.166072130203247070e-01
-2.010190039873123169e-01
-5.029262304306030273e-01
-4.599972367286682129e-01
-2.732222378253936768e-01
-3.898667693138122559e-01
-5.049336552619934082e-01
-7.120455801486968994e-02
-3.962352275848388672e-01
-6.917346119880676270e-01
-5.141377449035644531e-01
-4.312288761138916016e-01
-5.546195507049560547e-01
-1.896079033613204956e-01
-6.132054924964904785e-01
-2.675845623016357422e-01
-3.287826776504516602e-01
-6.341520547866821289e-01
-5.281724929809570312e-01
-6.366791725158691406e-01
-9.650807082653045654e-02
-6.521189808845520020e-01
-5.278703570365905762e-01
-7.823669314384460449e-01
-4.712088108062744141e-01
-5.081096887588500977e-01
-5.229600071907043457e-01
-5.918383002281188965e-01
-4.824409484863281250e-01
-5.202715992927551270e-01
-6.106116175651550293e-01
-4.312907457351684570e-01
-6.529965996742248535e-01
-2.914105057716369629e-01
-5.488560795783996582e-01
-6.354475617408752441e-01
-2.489065378904342651e-01
-4.859797060489654541e-01
-7.863296270370483398e-01
-5.010138750076293945e-01
-4.805068969726562500e-01
-4.033775329589843750e-01
-5.438082218170166016e-01
-5.848161578178405762e-01
-1.453250348567962646e-01
-4.467676207423210144e-02
-5.736373662948608398e-01
-5.557864904403686523e-01
-6.878333091735839844e-01
-5.697129964828491211e-01
-6.973871588706970215e-01
-8.528983220458030701e-03
-6.890072226524353027e-01
-3.708037137985229492e-01
-5.106877684593200684e-01
-6.340061426162719727e-01
-9.414379596710205078e-01
-5.608651041984558105e-01
-3.460285663604736328e-01
-1.033713579177856445e+00
-4.965762794017791748e-01
-6.905349493026733398e-01
-9.010877013206481934e-01
-6.587179303169250488e-01
-4.747598171234130859e-01
-6.106030941009521484e-01
-6.033165454864501953e-01
-4.424422085285186768e-01
-4.675823152065277100e-01
-5.045018196105957031e-01
-7.999376058578491211e-01
-7.306644227355718613e-03
-3.770278394222259521e-01
-5.457106232643127441e-01
-1.348511129617691040e-01
-5.376128554344177246e-01
-4.539233446121215820e-01
-4.590028524398803711e-01
-4.717606008052825928e-01
-7.190060019493103027e-01
-4.992620646953582764e-01
-3.310106396675109863e-01
-7.375350594520568848e-01
-6.421276926994323730e-01
-2.137865498661994934e-02
-2.206218391656875610e-01
-4.534414410591125488e-01
-5.771934986114501953e-01
-9.541997909545898438e-01
-4.966419339179992676e-01
-6.905980706214904785e-01
-7.231581807136535645e-01
-2.129992842674255371e-01
-8.176438510417938232e-03
-5.597692728042602539e-01
-7.078232765197753906e-01
-2.669532895088195801e-01
-6.172857880592346191e-01
-3.940818607807159424e-01
-6.882200241088867188e-01
-5.268418788909912109e-01
-8.351154923439025879e-01
-2.047606408596038818e-01
-9.800378978252410889e-02
-2.033122070133686066e-02
-2.834133207798004150e-01
-5.692606568336486816e-01
-5.762124061584472656e-01
-5.435463786125183105e-01
-7.499264478683471680e-01
-5.196601152420043945e-01
-6.069362759590148926e-01
-6.886601448059082031e-01
-4.054033458232879639e-01
-4.731670916080474854e-01
-8.104270696640014648e-01
-6.589080691337585449e-01
-4.618255794048309326e-01
-2.745942771434783936e-01
-5.473166704177856445e-01
-5.644580721855163574e-01
-3.710049986839294434e-01
-5.311475396156311035e-01
-5.422433018684387207e-01
-5.912994742393493652e-01
-5.834438800811767578e-01
-5.924709439277648926e-01
-6.347354650497436523e-01
-7.128040194511413574e-01
-6.033831238746643066e-01
-4.896207153797149658e-01
-4.081924855709075928e-01
-4.775259196758270264e-01
-7.963671088218688965e-01
-3.221687972545623779e-01
-4.065591990947723389e-01
-5.407296419143676758e-01
-1.001667857170104980e+00
-7.033089399337768555e-01
-5.658926963806152344e-01
-5.153961777687072754e-01
-3.252438306808471680e-01
-5.632726550102233887e-01
-5.693514943122863770e-01
-5.571250915527343750e-01
-9.870910644531250000e-02
-5.584774017333984375e-01
-7.076399326324462891e-01
-6.723583936691284180e-01
-1.668683886528015137e-01
-5.354942679405212402e-01
-8.081204295158386230e-01
-6.150926947593688965e-01
-6.152008175849914551e-01
-5.249242782592773438e-01
-5.458353161811828613e-01
-3.731145560741424561e-01
-2.858564853668212891e-01
-6.569392085075378418e-01
-1.603419184684753418e-01
-8.161215186119079590e-01
-5.624198913574218750e-01
-5.945565700531005859e-01
-6.201382279396057129e-01
-1.914675086736679077e-01
-9.010790288448333740e-02
-3.778629601001739502e-01
-6.275098323822021484e-01
-6.862221956253051758e-01
-6.815389394760131836e-01
-5.399421453475952148e-01
-1.273765116930007935e-01
-7.004421353340148926e-01
-5.003618597984313965e-01
-6.355757713317871094e-01
-6.393244862556457520e-01
-5.278005599975585938e-01
-4.740446805953979492e-01
-4.783878922462463379e-01
-4.917752146720886230e-01
-6.632145047187805176e-01
-5.571854114532470703e-01
-4.905107915401458740e-01
-5.272287726402282715e-01
-6.846104860305786133e-01
-5.199538469314575195e-01
-1.566794514656066895e-01
-3.080545365810394287e-01
-4.520024955272674561e-01
-3.023777306079864502e-01
-6.453486680984497070e-01
-2.353637218475341797e-01
-1.657048463821411133e-01
-4.071947336196899414e-01
-6.429180502891540527e-01
-7.479118108749389648e-01
-7.615662813186645508e-01
-5.434603691101074219e-01
-4.987056851387023926e-01
-6.641076207160949707e-01
-6.285709738731384277e-01
-6.188995242118835449e-01
-4.572202265262603760e-01
-5.460363626480102539e-01
-6.339512467384338379e-01
-4.485562741756439209e-01
-5.464930534362792969e-01
-7.612375169992446899e-02
-8.896722197532653809e-01
-5.100096464157104492e-01
-6.513995528221130371e-01
-4.966510534286499023e-01
-5.581406950950622559e-01
-6.734824180603027344e-01
-5.447917580604553223e-01
-1.610294431447982788e-01
-8.101174235343933105e-01
-3.451760411262512207e-01
-2.158466875553131104e-01
-7.352938055992126465e-01
-6.580449938774108887e-01
-4.670801162719726562e-01
-3.987466990947723389e-01
-6.245667934417724609e-01
-7.283568978309631348e-01
-5.050013065338134766e-01
-7.094558477401733398e-01
-5.716276764869689941e-01
-5.655627846717834473e-01
-4.585157930850982666e-01
-3.869972229003906250e-01
-5.240993499755859375e-01
-4.952816367149353027e-01
-5.677745342254638672e-01
-4.224256277084350586e-01
-6.319385170936584473e-01
-4.839437901973724365e-01
-8.637819290161132812e-01
-4.822209477424621582e-01
-4.493744969367980957e-01
-3.435584008693695068e-01
-6.249743700027465820e-01
-8.120435476303100586e-01
-5.690640211105346680e-01
-6.682574748992919922e-01
-8.170180022716522217e-02
-6.701159477233886719e-01
-7.900234460830688477e-01
-5.879271626472473145e-01
-6.413895487785339355e-01
-6.665003299713134766e-01
-7.176553010940551758e-01
-4.332558214664459229e-01
-4.355101287364959717e-01
-5.857262015342712402e-01
-1.431663483381271362e-01
-5.995423197746276855e-01
-4.195121526718139648e-01
-6.578882932662963867e-01
-3.758750259876251221e-01
-5.919098258018493652e-01
-7.943747639656066895e-01
-6.109418272972106934e-01
-9.254400730133056641e-01
-5.723659992218017578e-01
-3.282752037048339844e-01
-6.025205850601196289e-01
-5.882095098495483398e-01
-2.101985923945903778e-02
-5.348560214042663574e-01
-5.711198449134826660e-01
-5.602011084556579590e-01
-5.361747741699218750e-01
-5.916442722082138062e-02
-5.444713830947875977e-01
-6.529405117034912109e-01
-4.962700009346008301e-01
-5.082859396934509277e-01
-6.604810357093811035e-01
-8.166406154632568359e-01
-7.052779197692871094e-01
-5.661435723304748535e-01
-4.861766993999481201e-01
-2.563115954399108887e-01
-6.146557331085205078e-01
-5.695092678070068359e-01
-6.027317047119140625e-01
-6.843135952949523926e-01
-4.049751460552215576e-01
-3.668955862522125244e-01
-4.555351436138153076e-01
-6.312823295593261719e-01
-6.225953698158264160e-01
-6.483086943626403809e-01
-5.745245218276977539e-01
-4.935095310211181641e-01
-5.557140707969665527e-01
-5.009498596191406250e-01
-4.924163520336151123e-01
-9.225251078605651855e-01
-2.046613842248916626e-01
-3.277643918991088867e-01
-4.767048954963684082e-01
-5.896610021591186523e-01
-7.934768199920654297e-01
-5.980836749076843262e-01
