-1.416381962826562813e-07
6.028410512953996658e-03
-2.215415239334106445e-02
2.934830496087670326e-03
-4.559306800365447998e-01
-2.288050949573516846e-01
-2.142474502325057983e-01
-2.021886855363845825e-01
-3.188643977046012878e-02
1.085639279335737228e-02
-1.735374778509140015e-01
-1.508383452892303467e-02
-3.860114375129342079e-03
-9.592324495315551758e-03
-5.481447577476501465e-01
-5.984589830040931702e-02
-3.314435854554176331e-02
-7.696893811225891113e-01
-2.252981513738632202e-01
1.670792140066623688e-02
-2.329511009156703949e-02
1.319382712244987488e-02
-1.071840152144432068e-01
-2.520040273666381836e-01
-2.300559060676335248e-15
6.259165704250335693e-03
-1.824649982154369354e-02
-1.202514469623565674e-01
-1.864967197179794312e-01
-1.846975833177566528e-01
1.961749233305454254e-02
-4.655168652534484863e-01
-1.716856658458709717e-02
-3.678206354379653931e-02
-8.042642474174499512e-02
-2.526392936706542969e-01
-2.640853077173233032e-02
-2.664571441709995270e-02
-7.705277949571609497e-02
-1.651311963796615601e-01
-7.950574226756046414e-11
-1.548755615949630737e-01
-3.472395986318588257e-02
-2.994763851165771484e-01
-1.068378388881683350e-01
8.503124117851257324e-03
5.999459885060787201e-03
-2.979514002799987793e-02
-3.156124427914619446e-02
5.984093993902206421e-03
-1.670373044908046722e-02
1.028720568865537643e-02
-1.270293146371841431e-01
-5.583875253796577454e-02
-4.613929614424705505e-02
-1.014318764209747314e-01
4.367090296000242233e-03
2.334100753068923950e-02
9.796872735023498535e-03
-9.970439225435256958e-02
2.061974816024303436e-02
7.805528119206428528e-03
-3.598322719335556030e-02
-1.109875440597534180e-01
6.282439455389976501e-03
-2.547828555107116699e-01
-5.727356672286987305e-02
-7.327772974967956543e-01
-3.569223359227180481e-02
-5.971824750304222107e-02
3.603202523663640022e-03
1.708000898361206055e-02
5.786283873021602631e-03
-3.318075835704803467e-01
-1.357436412945389748e-04
-2.116900759574491531e-05
-1.278590708971023560e-01
-3.105765953660011292e-02
-1.352448016405105591e-01
-1.281749606132507324e-01
7.323625497519969940e-03
-1.966706104576587677e-02
-8.907711505889892578e-02
-5.960413883189073620e-30
-4.138469464564391474e-27
-1.321687102317810059e-01
-4.207004327327013016e-03
-7.855482981540262699e-04
-5.631170235574245453e-03
-6.987477685101282759e-20
-1.392035484313964844e-01
1.305825635790824890e-02
-1.228560954332351685e-01
-1.178418993949890137e-01
-3.669945523142814636e-02
2.987151034176349640e-02
-1.940772053785622120e-03
-1.149856157815281080e-32
3.819294506683945656e-03
-4.121694266796112061e-01
-6.665057688951492310e-02
8.773312903940677643e-03
-5.871247500181198120e-03
-1.455746144056320190e-01
2.029357291758060455e-02
-2.135035991668701172e-01
-2.503234744071960449e-01
-1.136472448706626892e-01
-2.932357043027877808e-02
-4.476151466369628906e-01
-6.380143109709024429e-03
-1.902662776410579681e-02
-7.374386787414550781e-01
5.003933329135179520e-03
-2.547442317008972168e-01
-8.992718496680076702e-25
-3.553194692358374596e-03
-2.291537355631589890e-03
-1.069660261273384094e-01
-2.193466871976852417e-01
-2.233948372304439545e-02
-2.327614091336727142e-02
-1.856235601007938385e-02
-4.991627857089042664e-02
-9.334471821784973145e-02
-2.695761322975158691e-01
1.899051479995250702e-02
-2.575263008475303650e-02
-9.999161586165428162e-03
-2.712550200521945953e-02
-1.229630038142204285e-02
-6.169200688600540161e-02
-1.297954469919204712e-01
-9.277844429016113281e-02
-1.020374074578285217e-01
-1.818359464778041001e-06
-2.583456924185156822e-03
1.219762861728668213e-02
-1.680452749133110046e-02
-1.875569522380828857e-01
1.976994797587394714e-03
-4.192467927932739258e-01
-3.903039917349815369e-02
-6.015816926956176758e-01
-1.866421848535537720e-01
1.386637333780527115e-02
-7.052349857985973358e-03
2.457261830568313599e-02
-2.459986954927444458e-01
-9.019120037555694580e-02
-3.727227076888084412e-02
-6.283203512430191040e-02
-6.041555479168891907e-02
-7.854804396629333496e-02
-5.492159165441989899e-03
6.824846845120191574e-03
-5.041094124317169189e-02
-2.839718945324420929e-02
-2.474472373723983765e-01
-2.737943828105926514e-01
-2.234509736299514771e-01
-5.858360975980758667e-02
-1.251140832901000977e-01
-6.086330395191907883e-03
-2.242218889296054840e-02
-1.621663421392440796e-01
-7.031261920928955078e-04
2.183958888053894043e-03
1.185524743050336838e-02
-2.607827186584472656e-01
-3.590994980186223984e-03
-7.355581521987915039e-01
-2.614662807900458574e-04
-3.229202330112457275e-02
1.491420064121484756e-02
-1.129088550806045532e-01
6.881152745336294174e-03
-3.797311708331108093e-02
-1.190839371556506876e-10
1.985642686486244202e-02
6.675638258457183838e-03
-1.267035901546478271e-01
1.962550356984138489e-02
-3.625699281692504883e-01
3.735582157969474792e-02
-2.510758349671959877e-04
-4.265825822949409485e-02
-4.210568964481353760e-01
-1.171440671896561980e-04
-8.601511716842651367e-01
-6.025777459144592285e-01
-4.951806664466857910e-01
-4.081492871046066284e-02
-5.191169381141662598e-01
-3.750179409980773926e-01
-5.416616201400756836e-01
-3.744771704077720642e-02
-1.577390283346176147e-01
-2.799949049949645996e-01
-7.201496511697769165e-02
1.931466534733772278e-02
1.987096155062317848e-03
-6.442826986312866211e-02
-6.387531757354736328e-04
-3.481018841266632080e-01
-1.244250982999801636e-01
-7.156974077224731445e-02
-1.094291237485611745e-11
-1.797259598970413208e-01
-2.074186056852340698e-01
-2.129077762365341187e-01
-7.647768408060073853e-02
-2.421704083681106567e-01
-1.563151776790618896e-01
-3.373130410909652710e-02
-1.581874117255210876e-02
2.713808231055736542e-02
6.044836714863777161e-03
-5.705133453011512756e-02
3.632277948781847954e-03
1.574144698679447174e-02
-1.063514947891235352e-01
-3.366125747561454773e-02
-1.055404618382453918e-01
-8.839200437068939209e-02
-5.308970808982849121e-01
-3.135232999920845032e-02
-3.725918754935264587e-02
-1.039756325011706330e-27
1.730343699455261230e-02
-1.592632010579109192e-02
-8.652439713478088379e-02
6.883088964968919754e-03
-3.105267882347106934e-02
-5.015753954648971558e-02
-9.531605243682861328e-02
-7.953739166259765625e-02
-1.010315045714378357e-01
1.688783802092075348e-02
-1.036333069205284119e-01
1.423815730959177017e-02
-4.220297187566757202e-02
-1.999463699758052826e-02
-2.102413773536682129e-01
-1.599022597074508667e-01
1.611680164933204651e-02
-3.087727539241313934e-02
-1.484361588954925537e-01
-3.007985469594132155e-05
-1.976414583623409271e-02
-8.050616085529327393e-02
-1.066170036792755127e-01
-3.482958376407623291e-01
-7.000645995140075684e-02
-2.743616513907909393e-02
-3.268054500222206116e-02
1.809270866215229034e-02
1.521099079400300980e-02
-1.702882796525955200e-01
-2.189540565013885498e-01
-3.708431869745254517e-02
-7.303719178086671945e-24
-3.326923847198486328e-01
-1.183182895183563232e-01
1.936415396630764008e-02
2.659526839852333069e-02
-9.938042610883712769e-02
-9.554125368595123291e-02
-3.930835127830505371e-01
-3.605950772762298584e-01
-2.159807085990905762e-01
-1.392780151218175888e-02
-4.331099614500999451e-02
-2.685528062283992767e-02
1.866501010954380035e-02
-3.062785230576992035e-02
4.602264147251844406e-03
-4.330440238118171692e-02
-5.724479630589485168e-02
1.481689419597387314e-02
-1.385754090733826160e-03
-4.248157143592834473e-03
-6.036394461989402771e-02
-2.488197200000286102e-02
-6.584117561578750610e-02
-4.368830472230911255e-03
-2.717064693570137024e-02
1.899325475096702576e-02
-5.081836134195327759e-03
-2.196037909016013145e-03
4.368588328361511230e-03
-8.458293663758111817e-16
-5.250217782304389402e-06
-1.323574502021074295e-02
-6.299104541540145874e-03
-2.876069843769073486e-01
2.783971466124057770e-02
2.324508735910058022e-03
-5.564994812011718750e-01
2.424022369086742401e-02
-7.559391111135482788e-02
-8.372765034437179565e-02
-3.623344004154205322e-01
-8.195134997367858887e-02
-8.292073756456375122e-02
-1.051337942481040955e-01
1.283162832260131836e-02
1.627778261899948120e-02
1.356731355190277100e-02
1.672292128205299377e-02
1.284300815314054489e-02
-1.932198256254196167e-01
8.493300527334213257e-03
-1.338157504796981812e-01
-6.250398159027099609e-01
-1.853833645582199097e-01
-1.285534650087356567e-01
-1.133020594716072083e-02
-2.748004533350467682e-02
2.017792500555515289e-02
-4.920889809727668762e-02
-7.039640843868255615e-02
-6.342396140098571777e-02
-6.153116747736930847e-02
-2.347834706306457520e-01
-2.785793244838714600e-01
-2.238573506474494934e-02
-7.903004996478557587e-03
3.621721174567937851e-03
-2.071813791990280151e-01
-1.483159959316253662e-01
-4.634631797671318054e-02
4.954859032295644283e-04
-3.176832497119903564e-01
-1.714708060026168823e-01
-4.605603516101837158e-01
-3.457979299128055573e-03
-2.812091633677482605e-02
-5.730568990111351013e-02
-8.150432258844375610e-02
-2.267703413963317871e-01
3.925932687707245350e-04
-9.892503172159194946e-02
-3.206403553485870361e-02
-3.495731949806213379e-01
2.290879376232624054e-02
-5.301273465156555176e-01
-2.466234713792800903e-01
2.547587081789970398e-02
-5.003843083977699280e-02
-1.936856210231781006e-01
-1.120001822710037231e-01
1.976007036864757538e-02
2.164509892463684082e-02
-8.845707774162292480e-02
7.861258462071418762e-03
-5.775692872703075409e-03
-7.374512031674385071e-03
-4.768943041563034058e-02
-3.455323278903961182e-01
-1.396290957927703857e-01
-7.730601727962493896e-02
-2.319872081279754639e-01
1.086993794888257980e-02
-2.494958601891994476e-02
-5.067389830946922302e-02
-2.898093312978744507e-02
-5.173204094171524048e-02
-4.393903538584709167e-02
-1.276019960641860962e-01
-3.309834003448486328e-01
-4.418666321726050228e-09
-3.410799195989966393e-03
4.842322785407304764e-03
-9.773553162813186646e-02
-2.867290750145912170e-02
-5.047011747956275940e-02
5.331368185579776764e-03
-1.087117590941488743e-03
-5.468781590461730957e-01
-1.854868140071630478e-03
-2.523013353347778320e-01
-2.715629339218139648e-01
-3.230841457843780518e-01
-4.685797728598117828e-03
2.730660326778888702e-02
-2.174327336251735687e-02
-2.044350504875183105e-01
-6.156461685895919800e-02
-2.811654657125473022e-02
-3.852932900190353394e-02
1.592338457703590393e-02
-5.347076803445816040e-02
-9.901040792465209961e-02
-8.653753995895385742e-02
-8.484276747822150355e-08
2.266210503876209259e-04
-1.622703671455383301e-01
-3.587552532553672791e-02
-4.445081949234008789e-02
1.093188114464282990e-02
-3.128932043910026550e-02
-2.452981919050216675e-01
-3.790146857500076294e-02
-3.522615507245063782e-02
8.804727112874388695e-04
-2.608506008982658386e-02
-5.651128292083740234e-02
-3.022840619087219238e-01
-6.880263332277536392e-03
-2.189977765083312988e-01
-1.346831861883401871e-02
-3.360856696963310242e-02
2.015898562967777252e-02
-7.351415604352951050e-02
-1.070433529093861580e-03
-1.258249729871749878e-01
-4.804890751838684082e-01
-2.337028533220291138e-01
-1.962242415174841881e-03
-1.781878471374511719e-01
-2.793976366519927979e-01
-1.426402849866085285e-20
-6.545374169945716858e-03
5.510463379323482513e-03
-4.136011004447937012e-01
-1.814417214564267855e-12
-4.246129989624023438e-01
-6.353498250246047974e-02
-1.430642753839492798e-01
-9.933028370141983032e-02
-3.048430755734443665e-02
-2.008358023886103183e-06
-2.948400005698204041e-02
-9.306525439023971558e-02
1.248095184564590454e-03
-2.363711409270763397e-02
-5.626759957522153854e-03
-8.844492840580642223e-04
-1.838766336441040039e-01
-1.627662181854248047e-01
-2.385600702837109566e-03
-4.401189461350440979e-02
1.418617926537990570e-02
8.349274285137653351e-03
9.757459163665771484e-03
1.517476793378591537e-02
-7.675520181655883789e-01
4.014174919575452805e-03
-1.639831168631644687e-07
-8.222532272338867188e-02
-7.089653518050909042e-04
-6.395465880632400513e-02
-7.516248617321252823e-03
1.086892001330852509e-02
-9.851536015048623085e-05
1.031515654176473618e-02
-3.094596862792968750e-01
2.430600859224796295e-02
3.153607621788978577e-02
-7.309793680906295776e-02
-5.786707997322082520e-01
-4.931991174817085266e-02
-2.749750614166259766e-01
-2.355203908960788739e-14
-8.658620528876781464e-03
-4.717667911744205758e-22
-6.264711171388626099e-02
-1.452115029096603394e-01
1.897322200238704681e-02
6.356969010084867477e-03
-5.816078279167413712e-03
-1.501718014478683472e-01
-4.095550999045372009e-02
-9.030295163393020630e-02
-1.231855079531669617e-01
-9.461319446563720703e-02
5.247585941106081009e-03
-2.405575662851333618e-01
-1.973732560873031616e-01
-9.111187607049942017e-02
-3.096214532852172852e-01
-3.134152293205261230e-01
-2.334874123334884644e-01
-2.526509761810302734e-02
-5.566174983978271484e-01
-1.759422384202480316e-02
-1.202449566335417330e-04
-5.755399353802204132e-03
-2.958818078041076660e-01
-1.020180732011795044e-01
-2.345829829573631287e-02
-6.716245412826538086e-02
-1.874013841152191162e-01
-4.787351936101913452e-02
-4.354120418429374695e-02
-8.476934581995010376e-02
-1.603143289685249329e-02
-3.306715225335210562e-04
-4.327486455440521240e-02
-1.573699340224266052e-02
-4.851881042122840881e-02
-4.469661042094230652e-02
-1.215209253132343292e-02
-3.448224812746047974e-02
-4.527720063924789429e-02
6.983301602303981781e-03
1.333101559430360794e-02
-3.110823631286621094e-01
-2.473667822778224945e-02
-1.028339564800262451e-01
-1.731830239295959473e-01
-8.709286339581012726e-03
-9.106519818305969238e-02
-3.135073557496070862e-02
2.887207269668579102e-02
-1.969343982636928558e-02
-8.485475927591323853e-02
-8.354588598012924194e-02
-1.389835035253694784e-11
-1.144275814294815063e-02
-2.385317906737327576e-02
-2.879888415336608887e-01
-7.913600653409957886e-02
-1.473302841186523438e-01
-2.540959119796752930e-01
-1.692126542329788208e-01
-8.132786303758621216e-02
-2.852870337665081024e-02
-1.052486896514892578e-01
3.032589890062808990e-02
-1.274072099477052689e-02
-3.474406003952026367e-01
-1.321723163127899170e-01
-4.697665572166442871e-01
1.474697887897491455e-02
-2.164404839277267456e-03
-2.050857804715633392e-02
-3.431035578250885010e-01
2.157429233193397522e-02
-2.004023268818855286e-02
2.089762873947620392e-02
-2.104744464159011841e-01
-4.890088364481925964e-02
-1.188544481992721558e-01
-6.693571060895919800e-02
-7.869150220261031356e-24
2.272520214319229126e-02
-6.903972476720809937e-02
-2.688901517080861253e-14
-3.674348816275596619e-02
-5.124698206782341003e-02
-1.488370001316070557e-01
-6.692278385162353516e-02
-3.613504767417907715e-01
6.265743635594844818e-03
-1.326451599597930908e-01
-3.146965056657791138e-02
-5.785420536994934082e-01
-2.918714880943298340e-01
-3.969109058380126953e-01
-6.461974382400512695e-01
-9.434361942112445831e-03
-2.726892828941345215e-01
2.499591745436191559e-02
5.250063259154558182e-03
1.941199065186083317e-03
-2.168832719326019287e-01
-8.423485606908798218e-02
-1.958809420466423035e-02
6.983725819736719131e-03
-1.129662692546844482e-01
1.804829947650432587e-02
-2.139527909457683563e-02
-2.322870343923568726e-01
-2.671022713184356689e-01
9.740406647324562073e-03
1.842700131237506866e-02
8.813910186290740967e-03
-1.408513039350509644e-01
-2.918654084205627441e-01
-1.204807832837104797e-01
-2.987039834260940552e-02
1.270269695669412613e-02
1.891373097896575928e-02
-5.934094588155858219e-06
9.900019504129886627e-03
-3.697622120380401611e-01
-2.898176610469818115e-01
-3.950514830648899078e-03
7.826410233974456787e-03
7.856474258005619049e-03
-1.730032116174697876e-01
-2.451781928539276123e-01
-5.399292334914207458e-03
-3.601305484771728516e-01
-6.106499955058097839e-02
-2.584171525921966257e-15
-8.379600197076797485e-02
-2.286601957166567445e-04
1.102726906538009644e-02
-5.635043978691101074e-01
-1.202394906431436539e-02
-2.674730680882930756e-02
-1.507070809602737427e-01
-1.080969572067260742e-01
-2.143864706158638000e-02
-1.707604900002479553e-02
-1.971938945644069463e-05
1.083502452820539474e-02
1.922180131077766418e-02
-1.651166565716266632e-02
-5.194158479571342468e-02
-1.280719637870788574e-01
-4.264239966869354248e-02
-2.356327027082443237e-01
1.765593886375427246e-03
-4.152966141700744629e-01
-1.688832491636276245e-01
-7.858122885227203369e-02
-1.144933030009269714e-01
-2.176673710346221924e-01
9.854097850620746613e-03
-1.713446341454982758e-02
-1.899785548448562622e-01
-1.045577134937047958e-02
5.814102478325366974e-03
-2.003930509090423584e-01
-3.327927738428115845e-02
2.190908603370189667e-02
-5.681781913153827190e-04
-3.325733542442321777e-02
-5.825103446841239929e-02
2.534663863480091095e-02
-1.372788548469543457e-01
-1.820672423491487280e-06
2.520563825964927673e-02
8.819759823381900787e-03
1.580941677093505859e-02
-7.424761354923248291e-02
-1.359370350837707520e-01
-1.576902717351913452e-02
-9.185063093900680542e-02
-1.331612914800643921e-01
-1.597855426371097565e-02
5.278945434838533401e-03
-5.635371897369623184e-03
2.714967122301459312e-03
-8.303386275656521320e-04
-2.056514658033847809e-02
-5.049451813101768494e-02
-3.867118060588836670e-02
-2.674359679222106934e-01
-1.035302430391311646e-01
-9.721469879150390625e-02
-1.952374875545501709e-01
5.074035376310348511e-03
2.584856702014803886e-03
-1.356752216815948486e-01
1.840685121715068817e-02
1.718735136091709137e-02
-1.635676622390747070e-01
-8.159261196851730347e-02
1.380808558315038681e-02
1.760079711675643921e-02
1.575322635471820831e-02
-2.423362247645854950e-02
-2.409676164388656616e-01
-2.360448986291885376e-01
-1.164092570543289185e-01
-1.431301888078451157e-02
-1.175678055733442307e-02
-1.459245085716247559e-01
-1.545997262001037598e-01
2.155253104865550995e-02
-1.338040977716445923e-01
-1.333396136760711670e-01
-5.229275673627853394e-02
-1.100339250115212053e-05
1.377524714916944504e-02
1.073979493230581284e-02
-6.194651126861572266e-01
2.099879831075668335e-02
-1.038935333490371704e-01
-3.893169341608881950e-03
-3.114433586597442627e-01
-4.892740845680236816e-01
-3.402425646781921387e-01
-2.529490925371646881e-02
-3.798913657665252686e-01
-7.264435291290283203e-02
7.692402228713035583e-03
3.910167142748832703e-03
1.557797752320766449e-02
-2.533702179789543152e-02
-4.951986297965049744e-02
-6.809788942337036133e-02
1.876719295978546143e-02
1.870616897940635681e-02
-4.335105717182159424e-01
-4.989764187484979630e-03
-7.121920585632324219e-02
-7.965783774852752686e-02
-6.768970936536788940e-02
-5.514024943113327026e-02
-2.201523818075656891e-02
-3.520905375480651855e-01
-1.396641284227371216e-01
2.482046373188495636e-03
1.952642947435379028e-02
-2.260690322145819664e-03
-3.278188407421112061e-02
-7.061128504574298859e-03
-4.237350076436996460e-03
-8.409269452095031738e-01
-7.774686068296432495e-02
1.191568467766046524e-02
-1.217513531446456909e-01
3.370677586644887924e-04
-1.757577992975711823e-02
-2.731476426124572754e-01
-2.594408690929412842e-01
-1.354960848382047445e-11
-1.342959236353635788e-02
-1.585408672690391541e-02
-2.496509552001953125e-01
8.977194316685199738e-03
-3.114702999591827393e-01
-1.397065858554924489e-07
-4.297222197055816650e-01
-3.151331543922424316e-01
-1.099338009953498840e-02
2.167980559170246124e-02
-3.494276432320475578e-03
-2.044636905193328857e-01
-3.438974544405937195e-02
-6.343262195587158203e-01
1.422982010990381241e-02
1.089619286358356476e-02
-2.713049948215484619e-02
-8.315711288846926682e-31
-4.153956472873687744e-02
-2.593899965286254883e-01
-7.627794891595840454e-02
-2.157020753656979650e-05
-5.505352020263671875e-01
-7.243733108043670654e-02
-1.480083614587783813e-01
3.069996135309338570e-03
-1.144970729947090149e-01
-7.260288298130035400e-02
-1.090705618262290955e-01
8.683177642524242401e-03
-5.323339700698852539e-01
-7.231550663709640503e-02
-1.404834389686584473e-01
-2.407534979283809662e-02
-1.302812695503234863e-01
1.043698750436306000e-02
1.972909271717071533e-02
-6.062484905123710632e-02
1.750137098133563995e-02
-1.009097229689359665e-02
2.287078090012073517e-02
-2.571322582662105560e-02
-6.952796086263923758e-14
9.923177771270275116e-03
7.087247446179389954e-03
9.523787535727024078e-03
-5.673668929375708103e-04
-4.081663209944963455e-03
-5.723004043102264404e-02
1.453444268554449081e-02
-1.961029618978500366e-01
-1.346678573099779896e-07
-1.434711553156375885e-02
2.497084205970168114e-04
-6.698208302259445190e-02
-6.546046733856201172e-01
-7.784660160541534424e-02
-4.217653870582580566e-01
-7.335638999938964844e-02
-5.876253545284271240e-02
-2.329293079674243927e-02
1.129681942984461784e-03
-6.120876059867441654e-04
-7.366149127483367920e-02
-4.581541754305362701e-03
-9.961863607168197632e-02
-5.156040191650390625e-01
-1.799813704565167427e-03
1.511628273874521255e-02
-1.750774830579757690e-01
2.260451577603816986e-02
-4.240422844886779785e-01
-1.287762168794870377e-02
-6.271725054830312729e-03
2.187022706493735313e-03
-6.114645674824714661e-02
8.297208696603775024e-03
2.213507518172264099e-02
1.560675911605358124e-02
-8.767855353653430939e-03
-1.849278956651687622e-01
-1.371987462043762207e-01
2.920169569551944733e-02
-3.382763862609863281e-01
-4.826366628400691194e-14
-1.027559483190998435e-04
-7.909243553876876831e-02
-9.847749024629592896e-02
-3.215724229812622070e-01
-3.488877713680267334e-01
1.073357183486223221e-02
-5.296280869515612721e-05
-6.398967504501342773e-01
-1.731349531989656403e-15
-1.197843346744775772e-02
-4.915467277169227600e-02
-7.041233032941818237e-02
-8.411798626184463501e-02
-3.098856508731842041e-01
-5.479560792446136475e-02
1.513924798928201199e-03
-1.027420721948146820e-02
1.574518531560897827e-02
9.582385420799255371e-03
-5.211698636412620544e-02
-3.439382463693618774e-02
-9.713868796825408936e-02
-6.173311471939086914e-01
-3.802032396197319031e-02
-8.748514577746391296e-03
1.701723597943782806e-02
-3.334415555000305176e-01
-1.235690936446189880e-01
1.334653235971927643e-02
-2.520089149475097656e-01
-3.235231339931488037e-01
-6.710240244865417480e-02
-4.019340872764587402e-02
7.777477614581584930e-03
-4.110262393951416016e-01
-1.484356075525283813e-01
-1.020736643113195896e-03
-1.680154673522338271e-04
-7.321993261575698853e-02
-2.031577080488204956e-01
-1.320231426507234573e-02
-3.012930154800415039e-01
-2.993074953556060791e-01
-3.894614055752754211e-02
3.431601682677865028e-03
-3.592672049999237061e-01
-8.884465694427490234e-02
-2.080153840250147780e-28
-9.793285280466079712e-03
-5.545184016227722168e-03
-9.822564199566841125e-03
-1.984837800264358521e-01
-8.460805984213948250e-04
-2.122175842523574829e-01
-2.335699051618576050e-01
-1.028804257512092590e-01
-6.664068168821257743e-12
-2.165419256935458129e-18
-2.482109367847442627e-01
6.554849096573889256e-04
-2.979722619056701660e-01
-8.606751263141632080e-02
-5.178626179695129395e-01
-7.383099198341369629e-02
-1.226403310283785686e-05
-6.263616681098937988e-01
1.054763514548540115e-02
-3.830283880233764648e-03
-3.381934165954589844e-01
-2.764260470867156982e-01
-8.270143866539001465e-01
-1.322147399187088013e-01
-7.789852470159530640e-02
-3.091551661491394043e-01
-1.565864980220794678e-01
-2.770987525582313538e-02
-1.321661844849586487e-02
-1.613510847091674805e-01
-5.632388591766357422e-01
-3.459257483482360840e-01
-1.164325550198554993e-01
-6.640751659870147705e-02
3.363159298896789551e-02
-3.268812783062458038e-03
-1.135540753602981567e-01
2.986595220863819122e-02
-1.064312737435102463e-02
1.291477214545011520e-02
-4.324834346771240234e-01
-9.245910495519638062e-02
-9.525208733975887299e-04
9.498641826212406158e-03
-5.729131028056144714e-02
-6.887158751487731934e-02
-4.731292426586151123e-01
-9.452235698699951172e-02
-8.353407680988311768e-02
-2.309456467628479004e-02
-3.182214125990867615e-02
-6.354029746802325462e-09
-2.888613566756248474e-02
-1.217612810432910919e-02
-5.872882320545613766e-04
-1.448281556367874146e-01
-2.786737494170665741e-02
-6.773034334182739258e-01
-5.457862839102745056e-02
-3.073303028941154480e-02
-1.515819039195775986e-02
-2.313355654478073120e-01
1.332799997180700302e-02
-1.129318252205848694e-01
1.339925825595855713e-02
1.602531224489212036e-02
-5.565823316574096680e-01
-2.921077981591224670e-02
-2.568094134330749512e-01
-1.166186332702636719e-01
-3.678466975688934326e-01
-5.588898435235023499e-02
-5.277699604630470276e-02
1.122824009507894516e-02
-1.234160065650939941e-01
-6.981275044381618500e-03
-1.821702569723129272e-01
-5.723187234252691269e-03
1.313260942697525024e-02
-1.269339118152856827e-03
-6.370235979557037354e-02
-3.931845130864530802e-04
-1.587477326393127441e-01
1.711931265890598297e-02
5.550557281821966171e-03
-2.745880186557769775e-02
-8.084203302860260010e-02
-2.362161688506603241e-02
-1.081960871815681458e-01
2.948502264916896820e-02
-2.773094475269317627e-01
-1.899537891149520874e-01
-4.196044802665710449e-01
-9.332626312971115112e-02
-5.393406748771667480e-02
-3.070736229419708252e-01
-9.545767679810523987e-03
-2.420632690191268921e-01
3.168658539652824402e-02
-3.038415014743804932e-01
9.033800102770328522e-03
-5.149130225181579590e-01
-1.335915923118591309e-02
-4.447315633296966553e-02
4.816088825464248657e-03
-1.886562816798686981e-02
-7.946741580963134766e-02
-1.688361589913256466e-05
-1.246171370148658752e-01
-1.918090879917144775e-02
-4.343990981578826904e-02
-8.885275125503540039e-01
-9.541780501604080200e-02
-9.660805761814117432e-02
-3.943267464637756348e-01
-1.176221109926700592e-02
3.865668084472417831e-03
-7.076757356117013842e-06
5.147598683834075928e-03
-1.169883236289024353e-01
2.044323831796646118e-02
-8.657484501600265503e-02
2.088521979749202728e-02
-1.735521852970123291e-02
-1.254674047231674194e-01
-1.531984508037567139e-01
-6.725391745567321777e-02
-3.409529104828834534e-02
-8.016099780797958374e-02
-4.219982773065567017e-03
-2.487777546048164368e-02
-7.678205966949462891e-01
-4.388380050659179688e-01
-3.435229137539863586e-02
-2.859029471874237061e-01
-3.337004482746124268e-01
-1.190452426671981812e-01
-2.082900553941726685e-01
-7.146522868424654007e-03
-2.055885642766952515e-01
-2.662350535392761230e-01
-6.989822536706924438e-02
-1.720119453966617584e-02
-1.252084076404571533e-01
-5.608217790722846985e-02
-5.097394585609436035e-01
-4.014934226870536804e-02
-5.236144065856933594e-01
-7.844012975692749023e-02
-8.935815654695034027e-03
-1.431780457496643066e-01
6.513707339763641357e-03
6.594843231141567230e-03
1.330791041254997253e-02
-1.806752383708953857e-02
1.996661536395549774e-03
2.678173035383224487e-02
2.778796851634979248e-02
-3.603351839132074019e-09
-5.236335098743438721e-02
1.849062182009220123e-02
-3.943037390708923340e-01
-4.383839070796966553e-01
-3.490182757377624512e-02
-3.519795089960098267e-02
-5.096173658967018127e-02
1.682535186409950256e-02
-1.989533603191375732e-01
