5.790406465530395508e-01
4.592794477939605713e-01
-2.446892261505126953e-01
6.915347576141357422e-01
-1.530562788248062134e-01
5.894387960433959961e-01
7.690562605857849121e-01
1.943949460983276367e-01
-2.487404942512512207e-01
1.189429759979248047e+00
5.790101885795593262e-01
8.204802274703979492e-01
2.444989681243896484e-01
5.372547507286071777e-01
-4.608041048049926758e-01
-9.603478014469146729e-02
-5.683674216270446777e-01
4.825552701950073242e-01
-1.513906717300415039e-01
1.029162049293518066e+00
9.484275579452514648e-01
6.001527905464172363e-01
-8.756286650896072388e-02
1.042873978614807129e+00
-7.696425914764404297e-01
5.753531455993652344e-01
7.281987667083740234e-01
4.408447444438934326e-01
7.965607643127441406e-01
-4.353492259979248047e-01
2.218616157770156860e-01
4.535910785198211670e-01
7.528292536735534668e-01
4.848628044128417969e-01
4.087018668651580811e-01
-3.810879588127136230e-01
6.873180270195007324e-01
5.885556936264038086e-01
1.156787395477294922e+00
5.024677515029907227e-01
1.129221320152282715e+00
-1.385752409696578979e-01
9.908955097198486328e-01
9.877323508262634277e-01
3.599810302257537842e-01
-9.773841500282287598e-02
5.475172996520996094e-01
7.742956280708312988e-01
-1.810567677021026611e-01
-5.409303307533264160e-01
1.148893117904663086e+00
5.844104290008544922e-01
9.466648697853088379e-01
4.980804324150085449e-01
1.234230279922485352e+00
8.660018444061279297e-01
3.988314270973205566e-01
9.674056768417358398e-01
6.618115305900573730e-01
6.242021322250366211e-01
1.248817324638366699e+00
1.129230380058288574e+00
8.063701987266540527e-01
1.139122247695922852e+00
