3.383401036262512207e-02
1.669085621833801270e-01
1.042721886187791824e-02
1.068992316722869873e-01
7.313650567084550858e-03
-4.311403334140777588e-01
-4.727509319782257080e-01
-6.866681575775146484e-02
-5.101420588043970028e-12
-4.750746250517090456e-21
-5.132113099098205566e-01
-1.942100077867507935e-01
-1.312217279281213678e-10
3.745342791080474854e-02
-3.277895040810108185e-03
-4.026149958372116089e-02
-9.597819298505783081e-02
3.722667694091796875e-02
-6.242634654045104980e-01
2.022533118724822998e-01
-1.279131025075912476e-01
-3.398130089044570923e-02
1.191712394356727600e-01
1.038991883397102356e-01
2.285447269678115845e-01
1.978056877851486206e-01
-5.906038917601108551e-03
6.368054077029228210e-03
-9.070637077093124390e-02
6.940706633031368256e-03
-4.188799858093261719e-01
-2.621558308601379395e-01
-2.122394591569900513e-01
-1.839672587811946869e-02
6.580446660518646240e-02
-8.202300965785980225e-02
-3.084827363491058350e-01
-4.225384443998336792e-02
7.133445143699645996e-02
-5.774461627006530762e-01
1.045579165220260620e-01
-1.243252530694007874e-01
-3.197476565837860107e-01
-1.636150528881209336e-23
3.099363856017589569e-02
-8.943543583154678345e-02
-5.438354611396789551e-01
-2.036456940579522978e-13
4.186324030160903931e-02
-2.324464172124862671e-01
-1.090653892606496811e-02
-1.942690312862396240e-01
7.816045731306076050e-02
1.289790868759155273e-01
-1.300272897321422397e-25
-3.010412156581878662e-01
-1.911622732877731323e-01
-3.444141447544097900e-01
-2.044536769390106201e-01
3.319006413221359253e-02
-3.202880267053842545e-03
2.084554433822631836e-01
-3.898112177848815918e-01
2.137383818626403809e-01
8.692471683025360107e-02
-9.792159497737884521e-02
-1.086464151740074158e-01
1.428976356983184814e-01
1.331651061773300171e-01
-1.338471192866563797e-02
-3.319450914859771729e-01
-4.026930034160614014e-01
-7.464887302081735487e-18
-8.385223895311355591e-02
-4.770096018910408020e-02
-3.068018837319832371e-19
-3.315759878347587346e-26
-1.082983538508415222e-01
8.096250891685485840e-02
-1.253535971045494080e-02
9.277499280869960785e-03
3.175230324268341064e-02
-1.268471777439117432e-01
9.931832551956176758e-03
-3.405093029141426086e-02
-1.102028936147689819e-01
-1.171472740679746494e-05
-7.992277294397354126e-02
-1.744154258631169796e-03
8.986195921897888184e-02
-1.419668751623248681e-05
-6.697756797075271606e-02
-4.723794409073889256e-04
3.019141964614391327e-03
3.674691915512084961e-02
1.556725054979324341e-01
-2.559245936572551727e-02
5.434461869299411774e-03
-1.501745283603668213e-01
-2.183799296617507935e-01
-1.744031396810896695e-05
-3.302590921521186829e-02
-3.708977401256561279e-01
-7.647497951984405518e-02
-1.072314158082008362e-01
-1.733663976192474365e-01
-1.104100123047828674e-01
-3.603676159400492907e-04
-3.431805670261383057e-01
2.082954794168472290e-01
-3.974766731262207031e-01
2.570316791534423828e-01
5.758419632911682129e-02
-7.867909222841262817e-02
-3.337207734584808350e-01
-2.835939452052116394e-02
-4.294184744358062744e-01
4.771135002374649048e-02
-2.671879250556230545e-03
-8.348449319601058960e-02
-6.561487168073654175e-02
-1.583183709678288845e-33
-2.608021199703216553e-01
1.751455962657928467e-01
1.931502074003219604e-01
-6.664934009313583374e-02
-2.248031347990036011e-01
-6.675052456557750702e-03
-3.864800035953521729e-01
-3.266125917434692383e-02
1.023165434598922729e-01
1.074603348970413208e-01
-2.047242373228073120e-01
-1.701604190884609125e-09
-1.401686519384384155e-01
-1.467230618000030518e-01
-1.169154047966003418e-01
3.552566049620509148e-03
-2.991325855255126953e-01
-3.190770796201234229e-17
-2.293575406074523926e-01
-1.717042326927185059e-01
-9.567244350910186768e-02
-9.417791664600372314e-02
-1.011670604348182678e-01
-1.767445913828792316e-18
-4.770677387714385986e-01
2.154291272163391113e-01
-4.217535257339477539e-01
1.467226594686508179e-01
1.252191662788391113e-01
-1.802913248538970947e-01
-1.572341471910476685e-01
1.021499484777450562e-01
-7.077092677354812622e-02
-7.482306659221649170e-02
-1.928466409444808960e-01
-1.385770551860332489e-02
-1.186414342373609543e-02
6.993961334228515625e-02
5.649511143565177917e-02
-3.474196128081530333e-04
-5.226356387138366699e-01
-1.683025509119033813e-01
9.968580678105354309e-03
-7.848073542118072510e-02
-5.099067091941833496e-02
-5.300280451774597168e-02
-1.298401230087620206e-06
-1.672289669513702393e-01
-5.288792692681454355e-08
1.784206777811050415e-01
-4.359422326087951660e-01
1.302645057439804077e-01
-2.589496970176696777e-01
-2.260321192443370819e-02
-3.050652332603931427e-03
-2.162377722561359406e-02
-1.339094936847686768e-01
-1.170487850904464722e-01
-3.038634061813354492e-01
1.026299372315406799e-01
1.840968616306781769e-02
-2.284914255142211914e-02
3.006766736507415771e-01
-2.872988581657409668e-01
-1.376345157623291016e-01
7.304426282644271851e-02
-4.414212424308061600e-03
-1.536320745944976807e-01
-3.793343529105186462e-02
-1.818349957466125488e-01
-7.116415351629257202e-02
-2.773216664791107178e-01
-1.819146610796451569e-02
1.401269137859344482e-01
-2.748562991619110107e-01
-1.512159517500232902e-22
-1.499413279816508293e-03
-7.413939050956092418e-20
-4.358050318842288107e-06
8.094526082277297974e-02
-1.510916799306869507e-01
-1.729655116796493530e-01
-5.088346004486083984e-01
4.839276522397994995e-02
-1.817796081304550171e-01
-1.349491029977798462e-01
-2.309961169958114624e-01
-1.146316379308700562e-01
3.999103233218193054e-02
9.688068926334381104e-02
-1.130445748567581177e-01
-4.137580692768096924e-01
-4.146587848663330078e-02
-4.604190215468406677e-02
-1.135660186409950256e-01
-2.651158571243286133e-01
-2.747709676623344421e-02
-1.264663189649581909e-01
-1.429830938577651978e-01
-3.215638995170593262e-01
-1.471417695283889771e-01
1.641858369112014771e-01
1.872507631778717041e-01
2.092849463224411011e-01
-1.023688390851020813e-01
-2.355591654777526855e-01
-3.899273872375488281e-01
-1.354247530088725782e-11
-9.216273576021194458e-02
-3.680613264441490173e-02
3.797667473554611206e-02
-7.237713038921356201e-02
4.325778409838676453e-02
-2.263042777776718140e-01
-2.358229309320449829e-01
-1.273608058691024780e-01
-1.430899351835250854e-01
-2.800749540328979492e-01
-1.636169999837875366e-01
-2.045236900448799133e-02
-7.899694144725799561e-02
-3.281684219837188721e-01
-2.329580485820770264e-02
-3.583850264549255371e-01
6.016089394688606262e-02
-2.338836318626497102e-13
2.289243601262569427e-02
-3.482147753238677979e-01
-1.224542129784822464e-02
-4.143581539392471313e-02
-4.936144128441810608e-02
-5.784921720623970032e-02
-4.528515785932540894e-02
-5.725799500942230225e-02
-5.495570227503776550e-02
1.144838333129882812e-01
-1.329981535673141479e-01
-2.954482138156890869e-01
-1.269759684801101685e-01
8.271734416484832764e-02
-1.855853050947189331e-01
-1.988092437386512756e-03
6.260910630226135254e-02
1.017664298415184021e-01
2.132259756326675415e-01
7.731084525585174561e-02
-4.629955440759658813e-02
-1.139378026127815247e-01
-8.936724811792373657e-02
-5.342842265963554382e-02
3.212937340140342712e-02
-6.690046936273574829e-02
-5.763227939605712891e-01
-9.792913496494293213e-02
1.494628638029098511e-01
-9.492544084787368774e-02
5.367857962846755981e-02
-9.999774396419525146e-02
-4.897012375295162201e-03
-4.747069776058197021e-01
-7.268843241035938263e-03
-5.515384078025817871e-01
-6.010771542787551880e-02
-2.551087737083435059e-02
-1.032569706439971924e-01
8.281444013118743896e-02
1.374041438102722168e-01
-3.687870204448699951e-01
6.350479088723659515e-03
-1.024598777294158936e-01
1.523198466747999191e-02
-2.418171055614948273e-02
-4.842167794704437256e-01
-5.191478729248046875e-01
-5.173470377922058105e-01
-1.730692223645746708e-03
-1.521760805189842358e-05
1.863559484481811523e-01
-4.733483120799064636e-02
3.673971816897392273e-02
1.411281246691942215e-02
-8.691810071468353271e-02
-5.159252136945724487e-02
7.113831490278244019e-02
-4.217858985066413879e-02
-8.681588619947433472e-02
-5.012789741158485413e-02
-4.649691656231880188e-02
1.748808659613132477e-02
-3.743585646152496338e-01
-3.630483746528625488e-01
-4.069042503833770752e-01
-2.529804781079292297e-02
5.073169618844985962e-02
-6.949667930603027344e-01
-8.565042167901992798e-02
-1.412706077098846436e-01
-4.134116228669881821e-03
-6.488973498344421387e-01
-3.007856905460357666e-01
3.058485686779022217e-03
1.025626063346862793e-01
-2.933644652366638184e-01
1.061223447322845459e-01
-3.730611801147460938e-01
4.697879776358604431e-02
-7.875867933034896851e-02
-2.961217761039733887e-01
-4.491824656724929810e-02
-2.095743566751480103e-01
-1.959871798753738403e-01
-1.305049806833267212e-01
7.068391144275665283e-02
9.007736295461654663e-02
-1.135037615895271301e-01
-4.834476858377456665e-03
-8.854921162128448486e-02
-2.691967487335205078e-01
-6.542936433106660843e-03
-1.056707464158535004e-03
1.700842976570129395e-01
3.109407797455787659e-02
1.838091611862182617e-01
-2.023250907659530640e-01
-6.251959502696990967e-02
-6.952750682830810547e-02
8.307190239429473877e-02
1.456128954887390137e-01
-7.198843359947204590e-02
-4.086476564407348633e-02
-5.311640501022338867e-01
-2.455514913890510798e-04
-7.606997340917587280e-02
-2.279740273952484131e-01
2.352038770914077759e-02
-1.818422675132751465e-01
1.428341716527938843e-01
3.154373914003372192e-02
-4.521872324403375387e-04
-4.055654108524322510e-01
-1.794897019863128662e-01
-9.753440320491790771e-02
1.528249680995941162e-01
-3.654199242591857910e-01
-3.277718126773834229e-01
3.755067661404609680e-02
-5.689897388219833374e-02
8.690707385540008545e-02
1.477987915277481079e-01
-6.368895620107650757e-02
-5.777422189712524414e-01
-3.676143661141395569e-02
-1.630905829370021820e-02
1.018616091459989548e-02
5.803267657756805420e-02
5.847618356347084045e-02
-3.399140760302543640e-02
1.774427592754364014e-01
7.474528998136520386e-02
-1.127786040306091309e-01
-2.093579471111297607e-01
-2.526809871196746826e-01
-8.131109178066253662e-02
-6.793045322410762310e-04
-1.082007558922824682e-18
-1.700138486921787262e-02
-4.648769646883010864e-02
1.851613819599151611e-02
-5.317639186978340149e-02
-4.455778253031894565e-06
-2.716567367315292358e-02
1.574315577745437622e-01
1.759559474885463715e-02
9.047728031873703003e-02
-3.714980557560920715e-02
7.478872779756784439e-03
-2.319204807281494141e-01
-6.937867496162652969e-03
1.197879314422607422e-01
9.145842492580413818e-02
-1.262048035860061646e-01
-2.298881299793720245e-02
-1.529888686491176486e-05
-4.212991370877716690e-06
1.626415401697158813e-01
1.158865243196487427e-01
4.104670509696006775e-02
-8.312188827866440199e-13
-3.633478879928588867e-01
-3.170428641841027684e-10
-4.836332425475120544e-02
-6.198448538780212402e-01
9.344635158777236938e-02
-6.559541076421737671e-02
1.091884598135948181e-01
-1.765325963497161865e-01
-2.513569593429565430e-01
-1.117127007219109736e-12
-1.744256354868412018e-02
-8.143628864787019750e-14
2.034335397183895111e-02
7.448841631412506104e-02
-5.878747105598449707e-01
1.555433124303817749e-02
4.758140817284584045e-02
-2.122032046318054199e-01
3.666963428258895874e-02
1.532578766345977783e-01
1.649534255266189575e-01
-2.409199029207229614e-01
-4.618935659527778625e-02
-1.654095798730850220e-01
-3.493891358375549316e-01
4.834756255149841309e-02
-2.492264910811852944e-17
-1.491790413856506348e-01
-2.807700037956237793e-01
-2.569369971752166748e-01
-3.241583704948425293e-02
-4.540966256172396243e-05
-3.080925674075208245e-22
7.932996749877929688e-02
-6.573994755744934082e-01
-2.433878928422927856e-01
8.224639296531677246e-02
-9.153308719396591187e-02
-4.411863163113594055e-02
-2.780253589153289795e-01
1.172785535454750061e-01
-3.753061592578887939e-01
-1.313766986131668091e-01
-2.038232833147048950e-01
1.035370528697967529e-01
-1.590781509876251221e-01
-6.184707209467887878e-02
4.351927712559700012e-02
-1.269595623016357422e-01
-4.186464846134185791e-01
4.985215142369270325e-02
-2.496212869882583618e-01
-7.259105890989303589e-02
-2.311003953218460083e-01
6.920119374990463257e-02
7.605724781751632690e-02
-2.405390590429306030e-01
2.516367286443710327e-02
-1.012352854013442993e-01
3.941291570663452148e-02
-2.050322585562659067e-25
1.189071461558341980e-01
-6.381514884394850345e-15
-5.616177320480346680e-01
8.615633100271224976e-02
4.252626374363899231e-02
-7.908106595277786255e-02
-9.892550110816955566e-02
1.922836527228355408e-02
2.052024001386598684e-06
-2.525605159200478938e-21
-2.238406985998153687e-01
-6.132891401648521423e-02
-1.974794082343578339e-02
3.453854843974113464e-02
4.429379105567932129e-02
-3.197887837886810303e-01
-2.097327820956707001e-02
-8.361905867162663930e-14
1.688532382249832153e-01
5.549250915646553040e-02
-1.955525726079940796e-01
-2.705800831317901611e-01
-1.163108390755951405e-04
-4.312313627451658249e-03
-2.980083227157592773e-02
3.291795402765274048e-02
7.746198773384094238e-02
-1.165445670485496521e-01
-3.924682363867759705e-02
8.838967233896255493e-02
-7.459007948637008667e-02
1.150633692741394043e-01
-8.941540494561195374e-03
-1.242706030607223511e-01
1.429314762353897095e-01
-3.611091301536362153e-07
1.201683729887008667e-01
-3.160285551033959926e-17
1.033450737595558167e-01
3.289944678544998169e-02
-3.850812613964080811e-01
6.986689753830432892e-03
2.327728271484375000e-01
-4.068437516689300537e-01
6.863609701395034790e-02
-6.134044751524925232e-02
4.687952343374490738e-03
-3.945147991180419922e-01
-3.445768654346466064e-01
8.438915759325027466e-02
-9.023740887641906738e-02
-4.636941552162170410e-01
-1.526481792097911239e-04
1.452968567609786987e-01
-8.855124562978744507e-02
9.250939637422561646e-02
-5.857788026332855225e-02
7.830649614334106445e-02
-3.876771330833435059e-01
-7.687469405937008560e-06
2.726378738880157471e-01
1.503487974405288696e-01
9.567610919475555420e-02
-3.366367220878601074e-01
1.471974104642868042e-01
-9.757525986060500145e-04
4.103967547416687012e-02
-9.105857461690902710e-02
1.200463771820068359e-01
-6.537278741598129272e-02
-3.018489778041839600e-01
4.812655970454216003e-02
6.929492950439453125e-02
8.595580607652664185e-02
-1.957833228516392410e-05
-8.553748577833175659e-02
-4.003155604004859924e-02
-6.614253563632149796e-25
-5.320949554443359375e-01
-1.825307094804884400e-06
-8.572375774383544922e-02
-3.827105025744966405e-16
-2.391364872455596924e-01
-4.020788371562957764e-01
-3.664748668670654297e-01
6.255109608173370361e-02
-3.465481568127870560e-04
-5.738680064678192139e-02
-1.875454187393188477e-01
-3.426220500841736794e-03
1.136418953537940979e-01
-4.710027575492858887e-01
-2.383033186197280884e-02
-3.307219827547669411e-03
1.053753718733787537e-01
-1.593224853277206421e-01
7.685976102948188782e-03
-1.983887851238250732e-01
-2.646782398223876953e-01
-2.404347807168960571e-01
1.200878545641899109e-01
-2.122350484132766724e-01
-3.451921641826629639e-01
-2.184053361415863037e-01
-8.069154620170593262e-02
1.166279390454292297e-01
4.856637492775917053e-02
-1.521564368158578873e-02
-2.689775228500366211e-01
1.188072040677070618e-01
-4.721448197960853577e-02
9.661775082349777222e-02
-1.317265331745147705e-01
4.697770625352859497e-02
-3.606173098087310791e-01
1.583811342716217041e-01
-1.608213782310485840e-01
9.251565486192703247e-02
9.228892624378204346e-02
-1.356478780508041382e-01
-3.201551362872123718e-02
-1.587894111871719360e-01
-1.429190039634704590e-01
8.275602012872695923e-02
1.286239922046661377e-01
1.665970385074615479e-01
-5.658033117651939392e-02
-2.056765370070934296e-02
-1.556306928396224976e-01
1.917603462934494019e-01
-8.637618273496627808e-02
-5.987159535288810730e-02
-2.990708947181701660e-01
-9.783206135034561157e-02
-1.815991848707199097e-02
-8.988180756568908691e-02
-7.974741607904434204e-02
-7.486730068922042847e-02
-2.204484194517135620e-01
1.261353045701980591e-01
-1.680748760700225830e-01
-1.084044997696764767e-04
-1.067571714520454407e-01
1.281482577323913574e-01
-3.760972619056701660e-01
-5.573759973049163818e-02
2.628917247056961060e-02
-5.048131570219993591e-03
-4.940426722168922424e-02
-5.217024683952331543e-01
-1.277536153793334961e-01
-7.059568911790847778e-02
1.796939969062805176e-01
-2.268530875444412231e-01
9.500529617071151733e-02
-1.019046083092689514e-01
8.579409867525100708e-02
-1.736707538366317749e-01
-1.740801846608519554e-03
-1.214452460408210754e-01
7.239022850990295410e-02
5.535728111863136292e-02
1.690480411052703857e-01
-1.495317667722702026e-01
-1.376435905694961548e-01
-3.023540079593658447e-01
-1.299917995929718018e-01
1.140328869223594666e-01
-6.192293390631675720e-02
-9.238260239362716675e-02
-1.128819584846496582e-01
-4.968533315894210767e-14
-1.166588664054870605e-01
-1.127999797463417053e-01
-2.192169129848480225e-01
-1.472813934087753296e-01
-3.839527380478102714e-06
4.716640710830688477e-02
-2.147641032934188843e-01
-4.934009611606597900e-01
3.965213522315025330e-02
-2.957352995872497559e-01
1.354535948485136032e-02
-2.215330425769934664e-07
1.026034653186798096e-01
9.542546421289443970e-02
7.409507036209106445e-02
2.320966683328151703e-02
1.285840384662151337e-02
-2.386756800115108490e-02
-7.622074846280746385e-12
-1.681302189826965332e-01
1.865611523389816284e-01
-4.511874576564878225e-04
-1.993585377931594849e-01
-5.860019940882921219e-03
-1.362656801939010620e-01
1.931908428668975830e-01
1.489110887050628662e-01
-8.607164770364761353e-02
-1.704450708177318585e-12
-1.758039502419705968e-06
-2.441871762275695801e-01
-4.428253471851348877e-01
-1.926216483116149902e-01
6.599844247102737427e-02
2.828027494251728058e-02
-2.740955650806427002e-01
-1.168384416994072694e-10
3.035749681293964386e-02
-5.268902331590652466e-02
-2.306793779134750366e-01
-5.439444416942143881e-16
-2.050465904176235199e-02
-6.074146032333374023e-01
3.245799615979194641e-02
1.730989515781402588e-01
-1.884381708805449307e-05
-1.671085847476661002e-08
-1.507066935300827026e-01
1.092425361275672913e-01
-6.074126809835433960e-02
-8.052257448434829712e-02
-6.982135772705078125e-02
2.253350988030433655e-02
9.202610701322555542e-02
-2.065584659576416016e-01
-1.573709547519683838e-01
-2.695942223072052002e-01
-7.380390167236328125e-02
-2.966577000916004181e-02
1.097288653254508972e-01
9.347365051507949829e-02
-2.359037697315216064e-01
1.285778582096099854e-01
-1.645349897444248199e-02
-2.382741504103336183e-10
9.780270606279373169e-02
3.260830789804458618e-02
-2.164358011214062572e-04
-3.539444506168365479e-01
4.604278877377510071e-02
-2.580277621746063232e-01
-5.080858618021011353e-02
2.128869444131851196e-01
1.055483072996139526e-01
7.207268476486206055e-02
-9.485366940498352051e-02
-1.154274642467498779e-01
-4.180501345596244486e-20
-2.668033838272094727e-01
-2.203077375888824463e-01
7.924482226371765137e-02
-3.632099032402038574e-01
1.134222745895385742e-01
8.341328799724578857e-02
-2.320499142800385114e-20
-5.393455028533935547e-01
-4.061987996101379395e-01
-9.291924536228179932e-03
-2.550422400236129761e-02
4.702313989400863647e-02
-2.379437685012817383e-01
-2.046468704938888550e-01
5.578774213790893555e-02
-1.665966361761093140e-01
-5.540160462260246277e-02
-2.153361710952594876e-04
-2.623763382434844971e-01
-1.177299767732620239e-01
-1.766491979360580444e-01
-3.047541379928588867e-01
1.966437250375747681e-01
1.429330706596374512e-01
5.362038314342498779e-02
-2.422019541263580322e-01
-1.227973550558090210e-01
-6.108455408160295974e-11
-3.910380881279706955e-03
7.420097477734088898e-03
8.356880396604537964e-02
1.285673025995492935e-02
-1.152713522315025330e-01
2.377702482044696808e-02
-1.096892878413200378e-01
2.598860114812850952e-02
8.230113983154296875e-02
-1.716417819261550903e-01
2.062192372977733612e-02
-6.326943635940551758e-02
-2.825784385204315186e-01
7.473143190145492554e-02
-9.298875927925109863e-03
1.015035714954137802e-02
-4.583085700869560242e-02
-4.324510991573333740e-01
1.450065076351165771e-01
4.224490001797676086e-02
1.818262189626693726e-01
-2.138279527425765991e-01
-1.997328400611877441e-01
7.108125835657119751e-02
1.206608116626739502e-01
-1.479995548725128174e-01
-1.860861778259277344e-01
-4.505318403244018555e-01
-1.509130597114562988e-01
-4.452235698699951172e-01
-1.743277013301849365e-01
-1.459030061960220337e-01
-3.812333643436431885e-01
3.424038365483283997e-02
9.715295583009719849e-02
-4.502765834331512451e-03
-2.265924662351608276e-01
-3.056525883948779665e-06
2.690118551254272461e-02
1.241203323006629944e-01
-2.786273881793022156e-02
-1.787976324558258057e-01
-2.940059872344136238e-03
-8.178337338904384524e-06
-2.525378763675689697e-01
-4.174737036228179932e-01
-2.295909970998764038e-01
-1.971084773540496826e-01
-1.238155056067828637e-23
-9.364736080169677734e-02
1.020647138357162476e-01
-1.644438505172729492e-01
-6.243434920907020569e-02
-2.912791073322296143e-01
-1.162422373890876770e-01
4.629420116543769836e-02
9.870535135269165039e-02
-3.037206456065177917e-02
1.337691719527356327e-05
-1.524740245973148631e-20
-9.269535541534423828e-03
1.193297207355499268e-01
-6.551728118211030960e-03
-1.996318548917770386e-01
-2.937833778560161591e-03
-3.476669788360595703e-01
-3.587417677044868469e-02
2.627268731594085693e-01
-7.618167996406555176e-02
5.445380508899688721e-02
1.848187744617462158e-01
9.640687704086303711e-02
1.682322323322296143e-01
-3.181048855185508728e-02
1.192924529314041138e-01
1.114397346973419189e-01
-1.323351869359612465e-03
4.626222327351570129e-02
-3.269103467464447021e-01
-4.467501118779182434e-02
1.188444420695304871e-01
-2.697988646104931831e-03
1.916228532791137695e-01
1.298232376575469971e-01
-1.601073890924453735e-02
-5.191408470273017883e-02
-8.284296840429306030e-02
-1.976795028895139694e-03
-7.057540863752365112e-02
-4.579095542430877686e-02
-1.585256680846214294e-02
-1.326843053102493286e-01
1.060988008975982666e-01
3.696351125836372375e-02
-8.063288033008575439e-02
-4.408711940050125122e-02
-2.665215432643890381e-01
-2.812666547752248764e-25
-8.898393809795379639e-02
5.206004250794649124e-03
-1.800759434700012207e-01
2.487081140279769897e-01
-1.528036296367645264e-01
-1.700907796621322632e-01
-3.307958841323852539e-01
1.273348331451416016e-01
8.554518967866897583e-02
-1.393608073385621537e-07
-6.850628415122628212e-05
-2.119639515876770020e-02
-3.807263821363449097e-02
-5.881423130631446838e-03
-5.063745379447937012e-01
-3.453555703163146973e-01
-2.934464216232299805e-01
-8.878599619492888451e-04
-5.325192809104919434e-01
1.296836584806442261e-01
-2.310780286788940430e-01
1.457314286381006241e-02
-3.478472530841827393e-01
1.674301549792289734e-02
-1.292412132024765015e-01
2.370452582836151123e-01
1.136409342288970947e-01
6.116100028157234192e-02
-6.034160032868385315e-02
-2.501233353768839152e-08
-6.960933208465576172e-01
-1.898193806409835815e-01
-1.239385753870010376e-01
-3.904173150658607483e-02
-1.848432868719100952e-01
2.368486858904361725e-02
-4.237008094787597656e-02
-4.642476886510848999e-02
-4.584236303344368935e-04
5.463141947984695435e-02
-9.505611658096313477e-02
-4.764294135384261608e-05
8.442856371402740479e-02
-3.343484997749328613e-01
2.251769006252288818e-01
-5.885816833917090207e-11
-9.642567988521477673e-08
-1.586207415416041044e-10
1.163557767868041992e-01
-1.707130670547485352e-01
-9.648125618696212769e-02
1.322129368782043457e-02
-1.738984435796737671e-01
1.303741335868835449e-01
-6.066632270812988281e-02
6.949281669221818447e-04
-4.326249659061431885e-01
-3.885883092880249023e-02
-4.828764125704765320e-02
-4.075731635093688965e-01
1.699705570936203003e-01
-9.895714372396469116e-02
-8.168591558933258057e-02
-1.063008755445480347e-01
-2.099752128124237061e-01
1.381024569272994995e-01
8.092035353183746338e-02
-3.596523702144622803e-01
-8.474994450807571411e-02
-1.941117495298385620e-01
1.273477226495742798e-01
-8.647142350673675537e-02
-1.339440196752548218e-01
-1.810736209154129028e-01
-5.019426225771894678e-06
6.695967912673950195e-02
1.832460165023803711e-01
-1.794804036617279053e-01
1.346701979637145996e-01
-3.925301014231925598e-31
-2.128821983933448792e-02
8.180981874465942383e-02
-5.538329109549522400e-02
-4.261634647846221924e-01
-5.474242568016052246e-02
-3.222569823265075684e-01
1.806588619947433472e-01
-7.750465068966150284e-03
-1.800562739372253418e-01
-3.567748963832855225e-01
-3.235818445682525635e-01
1.615778505802154541e-01
-1.796290129423141479e-01
-5.433294873041782935e-14
5.621375143527984619e-02
1.314463913440704346e-01
-1.169223189353942871e-01
-1.083528846502304077e-01
-3.476766496896743774e-02
6.369543075561523438e-02
-9.002256393432617188e-02
-2.738682553172111511e-03
-2.935087422883952968e-06
4.967700317502021790e-02
6.826183944940567017e-02
-2.102725673466920853e-03
-1.389601547271013260e-02
1.112848445773124695e-01
-1.237817574292421341e-02
1.921166181564331055e-01
1.935534477233886719e-01
-6.824273616075515747e-02
-1.575625538825988770e-01
-7.616742048412561417e-03
1.906634122133255005e-01
-2.080277539789676666e-02
-6.976131796836853027e-01
4.607356339693069458e-02
-3.492657542228698730e-01
-1.173716858029365540e-01
5.561342462897300720e-02
1.579317450523376465e-01
6.637272983789443970e-02
-5.673027038574218750e-01
3.272271528840065002e-02
8.162583410739898682e-02
1.733725070953369141e-01
-1.768985092639923096e-01
1.516639739274978638e-01
-9.617052972316741943e-02
-1.118229608982801437e-02
-1.154526695609092712e-01
-9.830946475267410278e-02
-1.091854996047914028e-03
6.137708947062492371e-02
-2.746573090553283691e-01
-1.132511645555496216e-01
-7.324138283729553223e-01
-3.260087370872497559e-01
3.755222633481025696e-02
5.087439715862274170e-02
-8.231735229492187500e-02
5.105040222406387329e-02
-1.166345458477735519e-02
-3.912300467491149902e-01
-7.949736714363098145e-02
1.324633210897445679e-01
1.846743971109390259e-01
-2.565744817256927490e-01
1.075548529624938965e-01
-1.903090178966522217e-01
-3.744702209224962191e-19
-1.280712783336639404e-01
-5.819293111562728882e-02
-2.632240653038024902e-01
-1.531738489866256714e-01
-1.983304619789123535e-01
-4.367617368698120117e-01
-1.654929753620252436e-14
1.587221324443817139e-01
2.213726043701171875e-01
-1.834884285926818848e-01
-1.652291119098663330e-01
-4.055761992931365967e-01
-2.099648863077163696e-01
-1.837756135500967503e-04
-8.469259738922119141e-02
-1.849179565906524658e-01
2.234994769096374512e-01
-4.538626477271538384e-26
2.364535070955753326e-02
1.560389995574951172e-01
-1.450238972902297974e-01
5.796083435416221619e-02
1.886020749807357788e-01
-2.403014749288558960e-01
-4.602789878845214844e-02
