-3.638646900653839111e-01
-3.293745964765548706e-02
-1.343977265059947968e-02
-3.242494761943817139e-01
-3.840376017194557789e-09
-1.079236064106225967e-02
3.747564554214477539e-02
-2.442284673452377319e-01
-1.631239652633666992e-01
3.447363153100013733e-02
-8.222238719463348389e-02
-2.494549565017223358e-02
-3.055373132228851318e-01
-9.387596696615219116e-02
-1.217949688434600830e-01
-2.845585942268371582e-01
8.180867880582809448e-03
-3.067389503121376038e-02
-4.148767516016960144e-02
-8.908344432711601257e-03
-2.766602337360382080e-01
-2.008406668901443481e-01
2.975067682564258575e-02
6.945799570530653000e-03
3.575477516278624535e-03
-9.499971568584442139e-02
-8.052501082420349121e-02
-1.037515979260206223e-02
-3.411919176578521729e-01
-1.485636178404092789e-02
-5.519717931747436523e-02
1.066586002707481384e-02
-3.998354822397232056e-02
-5.803898721933364868e-02
3.588948398828506470e-02
-2.843364700675010681e-02
-1.141384709626436234e-03
4.301572591066360474e-02
3.012943454086780548e-02
-1.757497936487197876e-01
-2.491403520107269287e-01
-1.751814410090446472e-02
2.526972070336341858e-02
-4.063744470477104187e-02
-6.547146942466497421e-03
-6.105016544461250305e-02
-9.596967697143554688e-02
-3.931132704019546509e-02
-4.891171678900718689e-02
-3.176962435245513916e-01
-2.011667937040328979e-02
1.926897652447223663e-02
6.724907085299491882e-03
-4.684551432728767395e-02
5.193833261728286743e-02
1.563338749110698700e-02
-2.519372701644897461e-01
-1.672714352607727051e-01
-7.424164563417434692e-02
-8.347266912460327148e-02
5.200253054499626160e-02
2.467370033264160156e-02
-5.780313536524772644e-02
1.039145421236753464e-02
-6.999558303505182266e-03
-3.118442185223102570e-02
1.510043255984783173e-02
-1.736812740564346313e-01
-5.655755475163459778e-02
2.034008689224720001e-02
-5.237534642219543457e-02
4.109394550323486328e-02
3.938424400985240936e-03
-2.611503005027770996e-02
3.160592168569564819e-02
5.978606641292572021e-03
-6.312295794486999512e-03
-3.578167855739593506e-01
1.309571973979473114e-02
-8.073715865612030029e-02
1.911882869899272919e-02
-3.495191931724548340e-01
1.125250943005084991e-02
1.983337476849555969e-02
-5.985156074166297913e-02
-1.152900233864784241e-02
3.967982530593872070e-02
4.223783966153860092e-03
2.673284523189067841e-02
-2.438400536775588989e-01
3.340230882167816162e-02
-2.547797001898288727e-02
1.606746390461921692e-02
-2.509200945496559143e-02
-2.651045285165309906e-02
-1.161869913339614868e-01
2.597867511212825775e-02
-1.545323431491851807e-01
5.955548956990242004e-02
8.832697640173137188e-04
4.905242472887039185e-03
3.335354849696159363e-02
-4.952345415949821472e-02
1.242886669933795929e-02
-2.203460633754730225e-01
-2.792172878980636597e-02
2.166480571031570435e-02
-4.377585227643976395e-08
-2.540585398674011230e-02
-4.331216961145401001e-02
1.826766692101955414e-02
1.987489871680736542e-02
4.194064810872077942e-02
4.754085093736648560e-02
-1.662231832742691040e-01
-1.611952036619186401e-01
-1.711075901985168457e-01
1.150907250121235847e-03
-1.568725146353244781e-02
-1.121364831924438477e-01
-1.012683287262916565e-01
-5.292835831642150879e-01
-3.093064017593860626e-02
-3.091960400342941284e-02
-2.868810296058654785e-02
-1.104349866509437561e-01
-3.121958673000335693e-01
4.451869055628776550e-02
-1.340498477220535278e-01
6.929625570774078369e-02
1.412953622639179230e-02
-2.686981461010873318e-04
3.407255746424198151e-03
-2.934904396533966064e-01
3.961942344903945923e-02
-2.239450067281723022e-01
-1.186844035983085632e-01
2.397090755403041840e-02
3.383547067642211914e-03
2.950388751924037933e-02
-4.069070518016815186e-01
-1.024023965001106262e-01
-5.185266956686973572e-02
-1.491968054324388504e-02
3.281583264470100403e-02
2.105642855167388916e-02
-7.766555994749069214e-02
4.793854430317878723e-03
-1.685847491025924683e-01
6.613508332520723343e-03
-1.777710169553756714e-01
-3.426743149757385254e-01
-1.540971640497446060e-02
-5.882838368415832520e-02
-4.809244722127914429e-02
-2.305162250995635986e-01
3.565635159611701965e-02
7.876164279878139496e-03
-2.516715787351131439e-02
-1.761986911296844482e-01
5.461530387401580811e-02
-2.288494491949677467e-03
4.514408484101295471e-02
1.810405589640140533e-02
-1.066570053808391094e-03
-4.461480379104614258e-01
5.051455274224281311e-02
1.690935157239437103e-02
-1.554272621870040894e-01
-2.347789704799652100e-02
-2.586204111576080322e-01
-7.050964049994945526e-03
-2.596674859523773193e-01
-8.098579198122024536e-02
2.993845939636230469e-02
-4.856198094785213470e-03
-2.169542573392391205e-02
-2.905929982662200928e-01
2.393264323472976685e-02
-1.508432030677795410e-01
-3.262814506888389587e-02
-5.063143968582153320e-01
6.618474610149860382e-03
-1.981324851512908936e-01
-6.120402738451957703e-02
-3.024160303175449371e-02
-1.142739132046699524e-02
-6.764945387840270996e-02
3.674632683396339417e-02
-2.160618007183074951e-01
-4.214942827820777893e-02
2.841167151927947998e-02
2.491842955350875854e-02
-3.227941691875457764e-01
-2.924639359116554260e-02
-8.618973940610885620e-02
-1.888879574835300446e-02
-9.524457156658172607e-02
-1.265799999237060547e-01
-3.292536735534667969e-01
-9.076967835426330566e-02
2.225964516401290894e-02
5.482359603047370911e-02
-1.690644025802612305e-02
-1.585379540920257568e-01
2.852001227438449860e-03
-1.042787730693817139e-01
3.619271516799926758e-02
1.551982015371322632e-02
-1.262067258358001709e-02
-3.663298487663269043e-02
-5.727289989590644836e-02
-1.783295162022113800e-02
-1.540466584265232086e-02
5.365033075213432312e-02
-1.381345838308334351e-01
2.158160507678985596e-02
-1.333707123994827271e-01
-1.984490752220153809e-01
-1.381811872124671936e-02
-1.555599458515644073e-02
-1.826138235628604889e-02
-4.138263314962387085e-02
8.827470242977142334e-03
-9.809527546167373657e-03
3.912431374192237854e-02
1.499682944267988205e-02
-1.729949750006198883e-02
-9.863159805536270142e-02
-1.880835741758346558e-02
5.588799342513084412e-02
-2.797251380980014801e-02
-2.078361660242080688e-01
-5.201148614287376404e-02
-2.558452636003494263e-02
-2.994829043745994568e-02
-1.047720015048980713e-01
-4.924088343977928162e-02
6.806150078773498535e-02
-5.493468791246414185e-02
2.216506749391555786e-03
-1.603312045335769653e-01
-1.977827865630388260e-03
-1.628853976726531982e-01
-3.917394950985908508e-02
-1.967185735702514648e-01
-5.150599777698516846e-02
-3.072268962860107422e-01
-4.349983914742061586e-11
-4.341684281826019287e-01
5.560492165386676788e-03
-6.907384842634201050e-02
-7.981210947036743164e-03
-2.120091021060943604e-01
4.057072103023529053e-02
-3.691537976264953613e-01
-5.844880267977714539e-02
-3.899681940674781799e-02
1.775245368480682373e-02
-1.407273262739181519e-01
-4.373297095298767090e-02
2.447861991822719574e-02
3.446145728230476379e-02
3.350350633263587952e-02
-1.974225193262100220e-01
2.858534641563892365e-02
-2.918918617069721222e-02
-9.137097926753827599e-16
-5.191704630851745605e-02
-8.591795712709426880e-02
-4.615861922502517700e-02
1.754667982459068298e-02
3.519171103835105896e-02
-2.447966253384947777e-03
-4.543853574432432652e-04
-1.230486258864402771e-01
2.710556983947753906e-02
-1.404940895736217499e-02
1.170852966606616974e-02
-1.436258554458618164e-01
9.244627319276332855e-03
-9.907739609479904175e-02
-1.451945751905441284e-01
-9.884568135021254420e-05
2.013134770095348358e-02
-1.695111393928527832e-01
-4.472034052014350891e-02
4.953376483172178268e-03
5.096806213259696960e-02
1.153279561549425125e-02
-2.190325558185577393e-01
2.595653198659420013e-02
-1.524350233376026154e-02
1.472902717068791389e-03
8.117254823446273804e-03
-2.275750339031219482e-01
-3.303996622562408447e-01
-2.029265165328979492e-01
-4.126797616481781006e-02
1.376016880385577679e-03
-1.783912479877471924e-01
-2.320206537842750549e-02
-2.537218630313873291e-01
-1.491455435752868652e-01
5.800105631351470947e-02
-2.477585151791572571e-02
-2.719349041581153870e-02
-3.372465372085571289e-01
-2.208025008440017700e-02
-3.141030669212341309e-03
2.331807278096675873e-02
-1.794161498546600342e-01
3.716973587870597839e-02
-1.193039938807487488e-01
-5.828922241926193237e-02
-6.704399734735488892e-02
-1.956205219030380249e-01
-9.750110656023025513e-02
-1.347355693578720093e-01
-7.804802805185317993e-02
-6.657690554857254028e-02
4.923963174223899841e-02
-3.918444272130727768e-04
-6.784288585186004639e-02
-2.869366407394409180e-01
3.654103027656674385e-03
8.795437403023242950e-03
-1.603098809719085693e-01
2.594141103327274323e-02
-4.648659750819206238e-02
-1.258704066276550293e-01
-7.753799110651016235e-02
-9.169927216134965420e-04
4.287911579012870789e-02
-8.070618659257888794e-02
-4.841334000229835510e-02
-1.587090492248535156e-01
9.677930735051631927e-03
4.863062500953674316e-02
-5.987243726849555969e-02
-2.006125403568148613e-03
3.932016342878341675e-02
-8.418706059455871582e-02
-7.409081045895143242e-15
2.697883360087871552e-02
-8.762414753437042236e-02
9.722616523504257202e-03
-2.211308777332305908e-01
-1.596948504447937012e-01
-4.700264334678649902e-02
-1.635182350873947144e-01
5.217038467526435852e-02
4.567628260701894760e-03
2.045743167400360107e-02
-1.441368367522954941e-02
3.465956822037696838e-02
-1.762440055608749390e-01
-4.808308091014623642e-03
-1.844893097877502441e-01
-8.012537658214569092e-02
1.198254060000181198e-02
-1.215275656431913376e-02
-1.313612610101699829e-01
7.104677613824605942e-03
-2.575802206993103027e-01
2.250470034778118134e-02
-8.309620618820190430e-02
-1.821536757051944733e-02
-2.772926092147827148e-01
-2.709316648542881012e-02
-4.456900525838136673e-03
-4.250467941164970398e-02
-1.137633025646209717e-01
-6.338428478756988923e-20
-3.223524242639541626e-02
-3.121139705181121826e-01
-1.536464393138885498e-01
-5.307320505380630493e-03
-3.571495786309242249e-02
-2.247916311025619507e-01
-7.459078915417194366e-03
-2.326997518539428711e-01
-4.149805381894111633e-02
3.806529939174652100e-02
5.967577919363975525e-03
-6.162536330521106720e-03
-3.057128377258777618e-02
-3.609495280443297816e-08
-3.189624547958374023e-01
-2.657934725284576416e-01
-5.651446804404258728e-02
2.356137149035930634e-02
-1.327597349882125854e-01
3.523103892803192139e-02
-1.558252424001693726e-02
-1.045514494180679321e-01
1.609735004603862762e-02
-2.580592036247253418e-02
7.717262022197246552e-03
-7.852919399738311768e-02
1.427008584141731262e-02
-2.107707262039184570e-01
-3.485331078991293907e-03
4.655002057552337646e-02
-2.474882826209068298e-02
-2.398565129624330439e-06
5.176150426268577576e-02
5.429306253790855408e-02
-2.429611049592494965e-03
-1.396955847740173340e-01
-3.889023959636688232e-01
-1.788012683391571045e-01
-1.570260822772979736e-01
-1.300577260553836823e-02
-2.501043081283569336e-01
6.982441991567611694e-03
-5.086084604263305664e-01
5.715551599860191345e-02
-3.847376406192779541e-01
-4.554864466190338135e-01
-2.306994944810867310e-01
-1.823818981647491455e-01
1.462468039244413376e-02
-1.488174870610237122e-02
-5.102255940437316895e-02
4.709471389651298523e-02
-3.541774116456508636e-03
-1.358250994235277176e-02
-4.058968648314476013e-02
5.505229532718658447e-02
-1.170915085822343826e-02
-1.303416094742715359e-03
2.083414467051625252e-03
-1.769943559839002041e-19
-3.490732982754707336e-02
2.705889753997325897e-02
3.505110368132591248e-02
-6.309477239847183228e-02
-5.431822687387466431e-02
-1.429496854543685913e-01
-5.013971775770187378e-02
1.725593395531177521e-02
-2.349462211132049561e-01
-2.173490077257156372e-01
-2.157979086041450500e-02
-1.985325106229500810e-19
4.509456828236579895e-02
4.281913861632347107e-02
-2.039067298173904419e-01
1.375742955133318901e-03
5.902866367250680923e-03
-7.591574639081954956e-02
-1.057829260826110840e-01
5.577971041202545166e-02
-2.644126117229461670e-01
-9.675705432891845703e-02
-2.938070297241210938e-01
3.160290792584419250e-02
-3.861819580197334290e-02
-5.140940845012664795e-02
-1.005930751562118530e-01
-2.898194454610347748e-02
2.789547480642795563e-02
3.869956359267234802e-02
-2.543322741985321045e-01
-8.835806697607040405e-02
1.958077028393745422e-02
-4.512850344181060791e-01
-7.292301394045352936e-03
-4.182524979114532471e-02
-4.941276609897613525e-01
-3.724373644217848778e-03
-4.038789495825767517e-02
3.818829730153083801e-02
-1.577662825584411621e-01
4.581009224057197571e-02
4.466791637241840363e-03
4.567879810929298401e-02
-1.587957739830017090e-01
-8.715182542800903320e-02
-1.196659654378890991e-01
1.758085004985332489e-02
3.375445678830146790e-02
-8.367972075939178467e-02
-8.563107252120971680e-02
-1.100733038038015366e-02
-3.455173969268798828e-02
-8.718593418598175049e-02
3.821955760940909386e-03
-3.597727045416831970e-03
-3.364372551441192627e-01
1.347942743450403214e-02
-6.612870842218399048e-02
-1.361712813377380371e-01
-1.501502245664596558e-01
1.190818473696708679e-02
3.662322089076042175e-02
-9.367176145315170288e-02
-4.059599041938781738e-01
1.415554340928792953e-02
-3.361880034208297729e-02
5.292351124808192253e-04
1.403388846665620804e-02
-4.966652952134609222e-03
-4.085065126419067383e-01
-1.182079538702964783e-01
-1.843906193971633911e-01
4.626984521746635437e-02
-3.690658835694193840e-03
-4.715938866138458252e-02
-1.021789014339447021e-01
1.088271569460630417e-02
-2.568795345723628998e-02
-1.666748523712158203e-01
4.018108174204826355e-02
-2.052989453077316284e-01
-2.632494270801544189e-02
-1.929509639739990234e-01
5.099836736917495728e-03
-5.356431007385253906e-02
1.606913283467292786e-02
-8.488597348332405090e-03
-1.737911440432071686e-02
-1.617007702589035034e-02
-2.186436951160430908e-02
-2.992150746285915375e-02
-1.751673072576522827e-01
-8.966525356398344532e-25
1.629842258989810944e-02
-4.405010119080543518e-02
1.509375032037496567e-02
-5.992529331706464291e-04
-1.809917949140071869e-02
-6.688827276229858398e-02
-9.075295180082321167e-03
1.111131813377141953e-02
8.346773101948201656e-04
-6.247009732760488987e-04
4.228243976831436157e-02
-1.365935802459716797e-01
4.519252851605415344e-02
-1.847299337387084961e-01
-3.572510480880737305e-01
-5.608990043401718140e-02
-3.976901173591613770e-01
1.631735265254974365e-02
-5.162446200847625732e-02
-1.458905488252639771e-01
-5.764731019735336304e-02
-4.159840568900108337e-02
-2.161960490047931671e-02
1.504071801900863647e-02
-1.582420431077480316e-03
5.336993839591741562e-03
-3.753109276294708252e-01
-3.003925783559679985e-03
-3.305797651410102844e-02
8.767551742494106293e-03
-8.353181183338165283e-02
-9.771833568811416626e-02
-2.232243493199348450e-02
8.261806517839431763e-02
1.917269453406333923e-02
-4.735387861728668213e-02
2.247266843914985657e-02
-1.377353519201278687e-01
1.709094271063804626e-02
-9.293811768293380737e-02
8.740829303860664368e-03
-1.899815052747726440e-01
-1.254135817289352417e-01
2.091182162985205650e-03
3.346947953104972839e-02
-2.288555378981982358e-06
-6.461767852306365967e-02
-4.263993501663208008e-01
-1.785757243633270264e-01
4.652311280369758606e-02
-4.304594993591308594e-01
2.842584438621997833e-02
-2.840088307857513428e-01
2.493766881525516510e-02
-1.530608534812927246e-01
-1.386224105954170227e-02
-2.076111584901809692e-01
-3.695177286863327026e-02
-3.076847791671752930e-01
6.160805374383926392e-02
-8.640303462743759155e-02
-8.238947950303554535e-03
-2.944796979427337646e-01
2.383494377136230469e-02
-4.016347602009773254e-02
1.926872646436095238e-03
-2.216553092002868652e-01
1.928842440247535706e-02
-2.632107134559191763e-05
-6.450740993022918701e-02
-2.734497562050819397e-02
-1.468502823263406754e-02
1.897671073675155640e-02
-8.987985551357269287e-02
-4.530228674411773682e-02
-4.950889348983764648e-01
-9.438587725162506104e-02
3.974520042538642883e-02
-2.685486711561679840e-02
6.484815850853919983e-03
-1.024513156153261662e-03
-4.398974031209945679e-02
2.424602024257183075e-02
-1.899052225053310394e-02
-5.545584484934806824e-02
-2.360059414058923721e-03
-9.054968133568763733e-03
-1.349743604660034180e-01
-1.615040382603183389e-04
-5.082616955041885376e-02
-4.521305672824382782e-03
-7.584241027230889339e-17
-1.793576329946517944e-01
1.554474513977766037e-02
-5.063401460647583008e-01
1.833988912403583527e-02
2.809459110721945763e-03
7.312057539820671082e-03
3.943940158933401108e-03
-1.805919557809829712e-01
-4.910615086555480957e-02
-5.904500558972358704e-02
-3.036662340164184570e-01
-9.049846231937408447e-02
1.331063453108072281e-02
-1.344703789800405502e-02
2.928691683337092400e-03
-5.057211220264434814e-02
-4.631958007812500000e-01
3.444356471300125122e-02
-3.433457016944885254e-02
-1.598825491964817047e-02
-4.491013940423727036e-03
2.396698109805583954e-02
2.619074285030364990e-02
-2.006682008504867554e-02
-2.788874506950378418e-01
-1.537353396415710449e-01
1.506156940013170242e-02
-8.884514868259429932e-02
-4.877926781773567200e-02
6.757934391498565674e-02
2.071611024439334869e-02
-2.758978400379419327e-03
-2.510513924062252045e-02
9.113212116062641144e-03
3.533111885190010071e-02
-9.700373560190200806e-02
-5.974676864362038486e-10
1.316001452505588531e-02
-4.447745978832244873e-01
-9.890592843294143677e-02
-1.139502003788948059e-01
-1.979664713144302368e-02
2.817009389400482178e-02
-1.064923778176307678e-02
4.942785482853651047e-03
-1.078414395451545715e-01
3.701501712203025818e-02
-2.786068990826606750e-02
-7.596360892057418823e-02
-2.360916137695312500e-01
-1.223478317260742188e-01
-6.773858963993711061e-18
-1.430909633636474609e-01
-1.045589447021484375e-01
-1.033166050910949707e-01
-3.466932177543640137e-01
-1.705530881881713867e-01
-4.661628231406211853e-02
-4.476080089807510376e-02
2.728657610714435577e-02
4.776579141616821289e-02
-1.182770058512687683e-01
1.144468900747597218e-03
-2.179300487041473389e-01
3.892982751131057739e-02
-6.103087682276964188e-03
-2.282879501581192017e-01
-4.556841030716896057e-02
-2.398071065545082092e-02
-1.825025528669357300e-01
4.141598567366600037e-02
2.100489288568496704e-02
-1.915992945432662964e-01
-1.357468776404857635e-02
-3.075442090630531311e-02
-7.010255753993988037e-02
-1.693504750728607178e-01
3.464103490114212036e-02
-2.141868025064468384e-01
-9.094663709402084351e-02
2.630383893847465515e-02
-6.507713813334703445e-03
-2.271583080291748047e-01
2.999823307618498802e-03
-1.280848868191242218e-03
-9.135621786117553711e-02
-7.466610521078109741e-02
-1.179746165871620178e-01
-1.052040085196495056e-01
-1.108269020915031433e-01
-5.776734557002782822e-03
-5.123753566294908524e-03
-4.702019318938255310e-02
-3.977746516466140747e-02
2.938060648739337921e-02
-2.947750315070152283e-02
2.986797131597995758e-02
-8.460912853479385376e-02
-1.074487566947937012e-01
2.338563324883580208e-03
-1.908627003431320190e-01
-4.255864769220352173e-03
-7.367034256458282471e-02
-2.121089100837707520e-01
-5.268380790948867798e-02
3.797289356589317322e-02
2.545600384473800659e-02
-9.297466278076171875e-02
-2.158411741256713867e-01
-2.537299320101737976e-02
7.217669486999511719e-02
-3.452608585357666016e-01
-1.831101328134536743e-01
-6.942136678844690323e-03
-9.242350047279159769e-33
-1.472517848014831543e-01
2.192991599440574646e-02
-1.438257400877773762e-03
4.596045613288879395e-02
3.174713626503944397e-02
3.834466636180877686e-02
5.569142103195190430e-02
3.072192892432212830e-02
2.800242044031620026e-02
2.388182911090552807e-04
-1.157114189118146896e-02
2.049503289163112640e-02
7.300277240574359894e-03
1.014184392988681793e-02
-2.580129611752610824e-14
-2.959285862743854523e-02
-4.972464144229888916e-01
-1.200139075517654419e-01
-4.858532920479774475e-02
-1.241331547498703003e-01
-3.461761772632598877e-01
-1.590293198823928833e-01
-1.565596163272857666e-01
-1.121846064925193787e-01
-2.890797145664691925e-02
-1.337527930736541748e-01
-4.631262421607971191e-01
-1.942532062530517578e-01
-1.156885698437690735e-01
1.732512004673480988e-02
1.981917768716812134e-02
-2.902132272720336914e-01
1.464207191020250320e-02
-1.966245025396347046e-01
5.549805704504251480e-03
2.532184496521949768e-02
4.304797202348709106e-02
-6.388592720031738281e-02
3.865227568894624710e-03
6.484797596931457520e-02
-2.439783513545989990e-02
-2.315015196800231934e-01
-2.328908294439315796e-01
2.492441982030868530e-02
-6.035217270255088806e-02
-8.464551530778408051e-03
1.718881726264953613e-02
-1.972133964300155640e-01
1.602788455784320831e-02
-1.258029788732528687e-01
-1.049561798572540283e-01
-5.993726477026939392e-02
-2.726796865463256836e-01
5.068093538284301758e-03
-1.982990279793739319e-02
-1.163328811526298523e-02
-2.685899436473846436e-01
-4.638896510004997253e-02
-8.255250932750640453e-18
-8.772023953497409821e-03
-3.144884109497070312e-02
-1.363374888896942139e-01
-4.088632166385650635e-01
-3.380046188831329346e-01
-8.188196271657943726e-02
3.649313375353813171e-02
3.616708517074584961e-02
2.011378854513168335e-02
-7.727778051048517227e-03
-2.095910757780075073e-01
-5.913841351866722107e-02
-2.909627556800842285e-02
-2.173943072557449341e-01
-1.654863357543945312e-02
-5.047003552317619324e-02
3.763866052031517029e-02
6.672476883977651596e-03
3.155075758695602417e-02
-5.644161999225616455e-02
-9.842243790626525879e-02
5.658602714538574219e-02
-5.179493501782417297e-02
6.961543858051300049e-02
5.901475623250007629e-02
3.011807613074779510e-02
-6.354684010148048401e-03
7.723298389464616776e-03
-6.423364393413066864e-04
-1.228289795108139515e-03
-2.308885334059596062e-03
6.075293943285942078e-02
1.357804634608328342e-03
-9.425599128007888794e-02
4.667730827350169420e-04
-1.569470204412937164e-02
-6.641922146081924438e-02
-3.071402572095394135e-02
8.328069932758808136e-03
-7.111765444278717041e-02
-1.293148921277520458e-09
1.481299567967653275e-02
1.409228239208459854e-02
-1.114825252443552017e-02
3.677564114332199097e-02
3.465567156672477722e-02
3.624142706394195557e-02
-5.693137273192405701e-02
-3.508478403091430664e-01
-2.828289382159709930e-02
-8.070480078458786011e-03
-6.877477467060089111e-02
-3.854410280529352306e-12
5.014301463961601257e-02
3.960047662258148193e-02
-1.396962068974971771e-02
-6.505806930363178253e-03
3.542782040312886238e-03
3.794750571250915527e-02
7.993766106665134430e-03
1.107811462134122849e-02
-4.514071717858314514e-02
2.083388855680823326e-03
2.586023416370153427e-03
3.670519217848777771e-02
3.414520621299743652e-02
-3.952784091234207153e-02
-8.594990521669387817e-02
-3.747718781232833862e-02
-4.890220165252685547e-01
-3.356120362877845764e-02
2.425059676170349121e-02
-6.522065959870815277e-03
1.849160157144069672e-02
-7.287045940756797791e-03
6.541189271956682205e-03
6.044127047061920166e-03
-1.796239404939115047e-03
-2.145833708345890045e-02
-5.625408142805099487e-02
-1.217088103294372559e-01
-1.138442102819681168e-02
-7.151379436254501343e-02
1.118472963571548462e-02
-3.021654784679412842e-01
-6.913640350103378296e-02
-4.369267553556710482e-04
1.692471280694007874e-02
-8.688263595104217529e-02
4.169610142707824707e-02
3.569688275456428528e-02
2.524299733340740204e-02
5.241801217198371887e-02
-1.545088142156600952e-01
-2.548651024699211121e-02
3.781482204794883728e-02
4.121751338243484497e-02
-2.478354424238204956e-01
3.313531167805194855e-03
-1.835189163684844971e-01
-3.049903512001037598e-01
-1.131746824830770493e-02
-1.203417927026748657e-01
3.729490935802459717e-02
-5.536860600113868713e-02
-1.387271113956201063e-11
4.279847070574760437e-02
-3.809066861867904663e-02
-1.990208029747009277e-02
-5.910881236195564270e-02
1.303798891603946686e-02
-1.660226434469223022e-01
-1.456324905157089233e-01
-1.048812419176101685e-01
1.026755757629871368e-02
1.167947798967361450e-02
-1.175242587924003601e-01
-5.255390405654907227e-01
7.913559675216674805e-03
4.286139458417892456e-02
-5.453123152256011963e-02
2.241499722003936768e-02
2.135052345693111420e-02
-4.283955693244934082e-01
-5.760183557868003845e-03
-1.252376868876581284e-08
-2.333682775497436523e-01
-2.701843343675136566e-02
-3.385597169399261475e-01
-2.231363207101821899e-01
5.885949358344078064e-02
-7.271376904100179672e-03
-3.356690108776092529e-01
-2.011491656303405762e-01
-9.889155626296997070e-02
-7.760383654385805130e-03
-2.776435315608978271e-01
-2.000740021467208862e-01
-2.079310566186904907e-01
-3.476918116211891174e-02
-3.638947755098342896e-02
-2.432363778352737427e-01
5.924455355852842331e-03
1.740296185016632080e-02
-2.569157779216766357e-01
-4.277699813246726990e-02
-5.325498804450035095e-02
4.783155769109725952e-02
-3.159420788288116455e-01
-1.950292587280273438e-01
2.816482074558734894e-02
-3.446843847632408142e-02
4.169206321239471436e-02
2.300225198268890381e-02
7.595820352435112000e-03
-3.847414255142211914e-02
-4.516829131617566221e-16
-9.977634996175765991e-02
1.222432940267026424e-03
-6.628604978322982788e-02
-1.074550114572048187e-02
5.015655606985092163e-02
-3.688792511820793152e-02
1.687245257198810577e-02
2.124221622943878174e-02
-1.376957911998033524e-02
-2.271530926227569580e-01
1.113216299563646317e-02
1.528937369585037231e-02
2.652327530086040497e-02
3.732942044734954834e-02
2.247479930520057678e-02
-1.508688088506460190e-02
2.701146341860294342e-02
9.754410944879055023e-03
-3.573201224207878113e-02
4.060936719179153442e-02
-5.011731013655662537e-02
9.201806038618087769e-03
-1.418887451291084290e-02
7.746358867734670639e-03
-1.247185915708541870e-01
-1.238506473600864410e-02
-4.525821283459663391e-02
2.268232963979244232e-02
6.178189534693956375e-03
-8.538617193698883057e-02
4.678113386034965515e-02
-1.676264852285385132e-01
5.425516888499259949e-02
-1.215232461690902710e-01
2.001792006194591522e-02
-1.066150218248367310e-01
-3.515477478504180908e-01
-3.678644299507141113e-01
5.115768872201442719e-03
1.394595578312873840e-02
-5.786470696330070496e-02
1.526532229036092758e-02
3.346596658229827881e-02
-2.499723095183981059e-09
3.207702934741973877e-02
-1.294472217559814453e-01
3.103935904800891876e-02
-4.728443175554275513e-02
-5.276886373758316040e-02
-7.111059967428445816e-03
1.009042840451002121e-03
-1.077246945351362228e-02
6.778056919574737549e-02
-5.334753170609474182e-02
-1.288420557975769043e-01
-3.201734274625778198e-02
-6.342384219169616699e-02
8.687688037753105164e-03
7.052278518676757812e-02
-4.582431439512091309e-13
2.373080700635910034e-02
-1.015222668647766113e-01
-1.995674073696136475e-01
-1.742551475763320923e-01
-6.821329891681671143e-02
-6.086936593055725098e-02
-2.107741776853799820e-03
-6.005497200245374371e-19
-2.063620649278163910e-02
-4.812674596905708313e-03
-4.701644927263259888e-02
-6.739404052495956421e-02
9.070775471627712250e-03
