-3.023875504732131958e-02
-1.581841893494129181e-02
-1.779120881110429764e-03
-4.180200863629579544e-03
1.003530900925397873e-02
1.521395333111286163e-02
1.372321322560310364e-02
-1.491433084011077881e-01
-1.703281700611114502e-02
6.180409807711839676e-03
4.823607858270406723e-03
-1.428480446338653564e-02
-3.165034949779510498e-02
4.957757424563169479e-03
1.764962077140808105e-02
6.396759767085313797e-03
-1.219477225095033646e-02
-5.714298691600561142e-03
9.074237197637557983e-03
-1.749230343905949780e-10
-3.809591056779026985e-03
-2.683276077732443810e-03
6.685486878268420696e-04
-7.296072784811258316e-03
-2.543992102146148682e-01
2.213372662663459778e-02
4.994885064661502838e-03
4.111303761601448059e-02
-1.155215548351407051e-03
-2.680423483252525330e-02
-5.185736808925867081e-03
-2.394314669072628021e-02
-3.537684446200728416e-03
-6.487692147493362427e-02
3.267521969974040985e-03
-1.475461944937705994e-02
3.856101538985967636e-03
-2.750823274254798889e-02
1.773888128809630871e-03
3.900071140378713608e-03
-3.090017242357134819e-03
-1.950544565916061401e-01
8.863084949553012848e-03
1.153687573969364166e-02
-1.419256925582885742e-01
-7.873586378991603851e-03
-5.917581915855407715e-02
-1.142900362610816956e-01
2.531770151108503342e-03
-8.240773342549800873e-03
1.362848747521638870e-02
-1.401202101260423660e-02
-4.938770830631256104e-02
-3.581479936838150024e-02
1.771438494324684143e-02
7.853534771129488945e-04
2.037337981164455414e-02
-9.286405518651008606e-03
-7.735346257686614990e-02
2.810817584395408630e-02
-2.262292895466089249e-03
-9.895001351833343506e-02
4.913323558866977692e-03
3.161585889756679535e-03
3.361907321959733963e-03
2.323160693049430847e-02
2.721485868096351624e-02
-9.432649973606377358e-13
1.541300676763057709e-02
-3.868450177833437920e-03
-1.228914037346839905e-02
2.200400084257125854e-02
4.666772205382585526e-03
1.641556993126869202e-02
-3.969104960560798645e-02
-2.276172190904617310e-01
-6.291463971138000488e-02
1.856965571641921997e-02
2.595773525536060333e-02
1.930916868150234222e-02
6.080918479710817337e-03
-2.254221774637699127e-02
5.376572720706462860e-03
2.974828705191612244e-02
9.297505952417850494e-03
-1.283175870776176453e-02
-2.009586989879608154e-02
-9.414522349834442139e-02
-7.583076506853103638e-02
1.497721113264560699e-02
1.884339004755020142e-02
1.990570127964019775e-02
-7.263407111167907715e-03
1.778945513069629669e-02
4.538786015473306179e-04
-7.625872641801834106e-02
2.069575275527313352e-04
1.669267378747463226e-02
-1.212301664054393768e-02
2.954655792564153671e-03
-8.276447653770446777e-02
2.227867394685745239e-02
1.837395317852497101e-02
1.176914107054471970e-02
2.757555618882179260e-02
-3.257966018281877041e-04
1.300639007240533829e-02
1.123868115246295929e-02
-1.694369763135910034e-01
1.438781619071960449e-02
-7.565263658761978149e-02
-3.805221617221832275e-02
-4.013466089963912964e-02
2.920971019193530083e-03
2.141178585588932037e-02
1.501939818263053894e-02
-1.204131264239549637e-02
-9.427285194396972656e-02
2.025005407631397247e-03
-8.045301586389541626e-02
-4.656748846173286438e-02
9.245421737432479858e-03
-4.229290410876274109e-02
9.432241320610046387e-03
2.871726639568805695e-02
-9.371502324938774109e-03
-1.378693878650665283e-01
-3.433322161436080933e-02
1.836404204368591309e-02
1.114320592023432255e-03
-1.208448410034179688e-02
1.676089875400066376e-02
-2.114531956613063812e-02
-1.620469242334365845e-02
-6.871700286865234375e-02
2.209579572081565857e-02
-3.902313858270645142e-02
-1.184043288230895996e-02
1.788959465920925140e-02
1.899385638535022736e-02
-3.764200583100318909e-02
-1.680346950888633728e-02
-9.573534876108169556e-02
-1.175925508141517639e-01
-2.016309089958667755e-02
-1.252328306436538696e-01
-4.358338937163352966e-02
9.329470805823802948e-03
-1.793044619262218475e-03
-8.434493094682693481e-02
-2.788835437968373299e-03
-7.412607967853546143e-02
8.336292812600731850e-04
6.838602013885974884e-03
-1.628655707463622093e-03
8.548828773200511932e-03
1.089079119265079498e-02
-3.290851414203643799e-02
-3.599467873573303223e-02
1.956078037619590759e-02
-8.237103611463680863e-05
-1.956972215842126689e-14
-2.738357335329055786e-02
-8.644985966384410858e-03
2.249057590961456299e-02
8.025310002267360687e-03
7.026956416666507721e-03
-8.733639121055603027e-02
-1.205521598458290100e-01
8.890538476407527924e-03
-1.941372826695442200e-02
-2.836661350258395942e-09
1.219739113003015518e-02
-1.899719797074794769e-02
6.497452966868877411e-03
-9.885185956954956055e-02
2.197156846523284912e-02
-3.118675202131271362e-02
2.933874167501926422e-02
-8.776116371154785156e-02
2.720114309340715408e-03
-3.885879181325435638e-03
1.530614774674177170e-02
-4.190499708056449890e-02
2.215633355081081390e-02
-8.003032952547073364e-02
1.162877655588090420e-03
1.762743666768074036e-02
-1.357388217002153397e-02
-2.024898678064346313e-02
-3.905712626874446869e-03
-3.333762660622596741e-02
-1.573301665484905243e-02
-1.154923513531684875e-01
-6.784962862730026245e-02
9.454454295337200165e-03
-4.626534134149551392e-02
-1.493022870272397995e-02
1.942846924066543579e-02
-1.129287257790565491e-01
-8.745168149471282959e-02
3.552919253706932068e-02
-7.483787089586257935e-02
-3.091193968430161476e-03
-5.703165661543607712e-03
2.709589526057243347e-02
2.910439157858490944e-03
1.032994966953992844e-02
-2.118000946938991547e-02
-1.493429988622665405e-01
9.008574124891310930e-05
-4.291338101029396057e-02
-6.023221090435981750e-02
2.767242491245269775e-03
2.511127293109893799e-02
-5.662892386317253113e-02
-3.575349971652030945e-02
1.202176697552204132e-02
5.412845872342586517e-03
-1.410956308245658875e-02
-3.366934657096862793e-01
-6.903370469808578491e-02
7.374929729849100113e-03
-1.623369306325912476e-01
-3.226705268025398254e-02
1.799097843468189240e-02
-8.405382186174392700e-02
-5.656977184116840363e-03
-2.689644880592823029e-02
-2.087637037038803101e-02
1.251675281673669815e-02
-1.094710454344749451e-02
-6.307710707187652588e-02
-1.328479126095771790e-02
-8.355148136615753174e-02
-1.026241918111736595e-07
-3.854631632566452026e-02
-1.213311031460762024e-01
2.830322366207838058e-03
1.433251518756151199e-02
6.678470410406589508e-03
-5.570273846387863159e-02
-5.552536249160766602e-02
1.957985386252403259e-02
3.537500975653529167e-03
-3.751367563381791115e-03
2.686587162315845490e-02
-3.839650377631187439e-02
1.981754601001739502e-02
1.131464354693889618e-02
-1.291653839871287346e-03
-2.075953222811222076e-02
4.994578193873167038e-03
9.719192050397396088e-03
2.998466417193412781e-02
-5.984734371304512024e-02
1.721911597996950150e-03
2.624951675534248352e-02
-1.181484083645045757e-03
1.564066042192280293e-03
7.392631378024816513e-03
1.989930123090744019e-02
-8.348164148628711700e-03
1.068321615457534790e-02
-7.005584985017776489e-02
9.030023589730262756e-03
-1.093785837292671204e-02
1.419912371784448624e-02
1.784700900316238403e-02
6.599290762096643448e-03
-4.125880450010299683e-02
-2.387434542179107666e-01
4.750779829919338226e-03
-1.460099071264266968e-01
-1.363000087440013885e-02
1.492285355925559998e-02
-1.072904393076896667e-01
-1.823434233665466309e-01
-6.997755728662014008e-03
2.245912514626979828e-02
-7.275102194398641586e-03
1.328173559159040451e-02
4.001980181783437729e-03
-3.414075588807463646e-03
1.403300277888774872e-02
-1.929046027362346649e-02
4.136635456234216690e-03
-1.880683936178684235e-02
-8.214502036571502686e-02
-4.958371818065643311e-02
-1.480821967124938965e-01
-3.761854488402605057e-03
-8.523278683423995972e-02
2.714925073087215424e-02
5.343311000615358353e-03
-1.846840139478445053e-03
-1.701867021620273590e-02
-1.666475087404251099e-02
-4.670584201812744141e-02
2.479912340641021729e-02
-1.167464852333068848e-01
-2.367671430110931396e-01
-1.030732989311218262e-01
8.148293127305805683e-04
-2.035810239613056183e-02
1.705222390592098236e-02
5.854986957274377346e-04
1.110452134162187576e-02
2.196306921541690826e-02
-1.076373644173145294e-02
-2.853043563663959503e-02
-4.478406533598899841e-02
3.249831870198249817e-02
-2.661280930042266846e-01
-4.145746305584907532e-02
-4.765551537275314331e-02
1.823481917381286621e-02
7.041035569272935390e-04
-1.025976706296205521e-02
9.533470496535301208e-03
9.238956496119499207e-03
3.902476280927658081e-02
-3.871559351682662964e-02
-5.440196953713893890e-03
-4.041611030697822571e-02
1.065267249941825867e-02
1.639091968536376953e-02
-2.331873774528503418e-02
7.439330220222473145e-03
6.348296534270048141e-03
1.295225322246551514e-02
3.419141517952084541e-03
-2.441663108766078949e-02
-2.246265485882759094e-02
6.969181355088949203e-03
-1.680995337665081024e-02
-9.828212670981884003e-03
-8.711663633584976196e-02
-9.049013257026672363e-02
-2.247847802937030792e-02
-2.581733465194702148e-02
-9.321926161646842957e-03
3.256340278312563896e-03
-1.779578812420368195e-02
-3.310562297701835632e-02
1.294565200805664062e-02
-1.259632175788283348e-03
-6.243639811873435974e-02
-1.779767870903015137e-01
-3.255029395222663879e-02
-6.544432602822780609e-03
-1.498358417302370071e-02
-1.055427268147468567e-02
-3.651251271367073059e-02
-3.957126662135124207e-02
-1.273857355117797852e-01
2.555613033473491669e-02
7.496555801481008530e-03
-1.812904514372348785e-02
-1.620224490761756897e-02
-1.977885514497756958e-02
5.833954550325870514e-03
1.469930633902549744e-03
-5.588619504123926163e-03
-1.835845559835433960e-01
1.793807558715343475e-02
2.011067047715187073e-02
-3.609244897961616516e-02
1.674563810229301453e-02
-5.604899302124977112e-02
2.827301621437072754e-02
-1.414637733250856400e-02
-8.304513990879058838e-03
7.133910898119211197e-03
-1.285797171294689178e-02
-7.304804748855531216e-04
-5.510883033275604248e-02
-2.821093052625656128e-02
-3.969113749917596579e-04
3.854597359895706177e-02
-1.406883746385574341e-01
1.038743276149034500e-02
-8.546497672796249390e-02
1.593178138136863708e-02
2.594607509672641754e-02
-2.918148934841156006e-01
4.344841931015253067e-03
6.308347918093204498e-03
-1.110308319330215454e-01
-1.316061466932296753e-01
1.745947077870368958e-02
2.184654586017131805e-03
-1.436204016208648682e-01
-1.565852761268615723e-01
1.741672307252883911e-02
-1.641207200009375811e-04
6.185505189932882786e-04
-5.336738750338554382e-02
1.543398201465606689e-02
-4.401981830596923828e-03
-9.388518333435058594e-02
-2.710451744496822357e-02
2.161312662065029144e-02
-9.472493082284927368e-03
1.166824158281087875e-02
1.513229403644800186e-02
-1.187046691775321960e-01
9.108945727348327637e-03
1.581072434782981873e-02
-7.424955256283283234e-03
2.117507904767990112e-02
-2.477928996086120605e-03
1.542828325182199478e-02
-1.043203622102737427e-01
-1.208463683724403381e-01
-1.652583107352256775e-02
1.010168157517910004e-02
-9.382542222738265991e-03
1.162375602871179581e-02
-5.744097288697957993e-04
-6.886069197207689285e-03
1.780462189344689250e-04
-7.157756388187408447e-02
4.900287091732025146e-02
-4.933156818151473999e-02
-2.395751513540744781e-02
-2.624858915805816650e-01
5.903859157115221024e-03
2.795764885377138853e-04
-2.413181791780516505e-04
-7.607374805957078934e-03
-1.803921163082122803e-01
-8.329457789659500122e-02
-7.596758008003234863e-02
-1.250658631324768066e-01
9.650075808167457581e-03
6.667799316346645355e-03
-1.929118484258651733e-02
1.852674968540668488e-02
3.615240857470780611e-04
-8.604191825725138187e-04
-6.409520655870437622e-02
-2.891073748469352722e-02
-4.820745438337326050e-02
-4.100788384675979614e-02
-2.401202218607068062e-03
1.383631117641925812e-02
-3.029620461165904999e-02
-8.900382369756698608e-02
2.624013274908065796e-02
1.152909267693758011e-02
1.034542080014944077e-02
-1.322573330253362656e-02
-8.782666176557540894e-02
3.065693750977516174e-02
-4.303535446524620056e-03
-4.895847663283348083e-02
-1.019193753600120544e-01
-1.520229410380125046e-02
1.012239325791597366e-02
1.587396138347685337e-03
7.653991226106882095e-03
-1.082739140838384628e-02
6.406452506780624390e-03
7.062920369207859039e-03
8.694941177964210510e-03
-9.304008632898330688e-02
2.295546978712081909e-02
-9.818038903176784515e-03
7.615345995873212814e-03
-1.021074596792459488e-02
8.747872896492481232e-03
-1.323060840368270874e-01
-9.311264380812644958e-03
-9.327526204288005829e-03
-1.117015490308403969e-03
2.288928441703319550e-02
-7.894546538591384888e-02
-1.749790157191455364e-03
-6.592845171689987183e-02
7.691640406847000122e-03
-7.258617160235927905e-23
-5.687988176941871643e-02
2.066390216350555420e-02
6.526561453938484192e-03
-1.026881337165832520e-01
-8.905453234910964966e-02
-1.517667993903160095e-02
-1.033740490674972534e-01
-2.284355275332927704e-02
-5.665654316544532776e-03
-1.261318381875753403e-02
-3.547471016645431519e-02
2.202180773019790649e-02
-1.207258831709623337e-02
-5.949367955327033997e-02
1.831081695854663849e-02
8.279267698526382446e-03
-6.633247714489698410e-03
-8.601133711636066437e-03
1.553371921181678772e-02
-4.953151568770408630e-02
-2.514820173382759094e-02
-4.547360539436340332e-02
1.045799441635608673e-02
-5.479213222861289978e-02
-1.757447049021720886e-02
-1.555766444653272629e-02
1.405278500169515610e-02
1.422113180160522461e-02
-2.755643241107463837e-02
-1.540146861225366592e-02
-2.459428459405899048e-02
2.182940021157264709e-02
-3.087666071951389313e-02
3.362345451023429632e-04
-1.498202886432409286e-02
2.093854732811450958e-02
-4.058599006384611130e-03
-1.739077642560005188e-02
4.607961513102054596e-03
-1.095708832144737244e-02
-2.312616258859634399e-02
2.098242985084652901e-04
-7.019729912281036377e-02
8.278992958366870880e-03
-2.579602971673011780e-02
-4.482670687139034271e-03
1.499683130532503128e-02
-3.102569282054901123e-02
-2.536086924374103546e-02
-1.536163326818495989e-04
3.175732120871543884e-02
3.371754894033074379e-03
-4.801531881093978882e-02
1.355361845344305038e-02
-3.519044071435928345e-02
7.337030023336410522e-03
-1.211136355996131897e-01
-1.330081224441528320e-01
-2.940913848578929901e-02
8.861089125275611877e-03
-3.040430694818496704e-02
1.678983797319233418e-03
-1.532403938472270966e-02
-2.279302803799510002e-03
-4.295382648706436157e-03
1.826190017163753510e-02
-2.113505080342292786e-02
-2.113490253686904907e-01
-9.589801728725433350e-02
-8.008936047554016113e-02
8.246178738772869110e-03
-2.213660441339015961e-02
-1.542200427502393723e-02
-1.442183107137680054e-01
-6.547682732343673706e-02
2.200993709266185760e-02
-8.925491571426391602e-02
-3.074271418154239655e-02
-4.066169261932373047e-03
5.437146406620740891e-03
-4.725909978151321411e-02
1.138378982432186604e-03
1.977906189858913422e-02
1.189849525690078735e-02
-3.140413668006658554e-03
6.912713404744863510e-03
-1.909885704517364502e-01
-5.489583592861890793e-03
1.896872371435165405e-02
-3.401432652026414871e-03
-4.625639412552118301e-03
8.500262163579463959e-03
-2.456744946539402008e-02
1.505685620941221714e-03
1.701410301029682159e-02
7.841160520911216736e-03
-2.067872509360313416e-02
-1.608519069850444794e-02
2.298415079712867737e-02
5.596839357167482376e-03
1.348274666815996170e-02
-7.232751231640577316e-03
-1.859759725630283356e-02
4.259249661117792130e-03
6.137297023087739944e-03
-1.241536065936088562e-01
1.890233531594276428e-02
-2.656457014381885529e-02
-3.947408869862556458e-03
-9.729152545332908630e-03
2.690365910530090332e-02
1.131384633481502533e-03
-1.255676299333572388e-01
-4.944184795022010803e-03
-8.022830635309219360e-02
-4.256111383438110352e-02
-3.377341898158192635e-03
-8.041583932936191559e-03
1.380710490047931671e-02
1.795294345356523991e-03
2.842282131314277649e-02
-1.807348877191543579e-01
-2.285119332373142242e-02
-1.653664628975093365e-03
-1.169787906110286713e-02
-3.403452411293983459e-02
-2.551338263920288618e-12
-7.010962814092636108e-03
-3.571441397070884705e-02
-2.918127691373229027e-03
3.078253567218780518e-02
-1.666534133255481720e-02
-1.258429419249296188e-02
-6.791211664676666260e-03
-1.485368460416793823e-01
-2.469162689521908760e-03
5.410746205598115921e-03
1.362400501966476440e-02
-5.267051979899406433e-02
1.155254547484219074e-03
6.579972687177360058e-04
-4.618883598595857620e-03
2.665927819907665253e-02
3.401451976969838142e-03
2.389180287718772888e-02
-8.223553188145160675e-03
8.156252093613147736e-03
-5.311170592904090881e-02
6.720993202179670334e-03
-1.337914913892745972e-02
1.585504226386547089e-02
1.008985470980405807e-02
-9.417722001671791077e-03
-9.824226796627044678e-02
-3.111503645777702332e-02
8.471860550343990326e-03
-2.567097730934619904e-02
-5.243459716439247131e-02
-1.225071866065263748e-02
-8.744063973426818848e-02
1.372451800853013992e-02
2.453152276575565338e-02
8.225581608712673187e-03
-7.066971063613891602e-02
-1.272010430693626404e-02
2.413124777376651764e-02
5.321742966771125793e-03
-1.628985814750194550e-02
4.887534771114587784e-03
-1.981116110982839018e-05
1.103410217911005020e-02
1.245638355612754822e-02
-9.924009442329406738e-02
-1.136794686317443848e-03
4.654949530959129333e-02
-4.791803658008575439e-02
-2.293877303600311279e-02
-6.302075833082199097e-02
-5.297919735312461853e-02
-3.873738646507263184e-02
6.357314530760049820e-03
1.438207738101482391e-02
-6.295166909694671631e-02
-4.485184699296951294e-02
2.476355619728565216e-02
-8.845589123666286469e-03
-2.638336597804435968e-12
2.146129496395587921e-02
4.851987177971750498e-04
5.949679762125015259e-03
1.584029756486415863e-02
2.986116800457239151e-03
-1.839928142726421356e-02
-3.282173722982406616e-02
1.029636152088642120e-02
-2.418462745845317841e-02
-7.244070060551166534e-03
5.239412654191255569e-03
-9.238096885383129120e-03
3.605794627219438553e-04
-1.813485845923423767e-02
1.826286502182483673e-02
-1.466367207467556000e-02
-4.476685449481010437e-02
2.336065052077174187e-03
-9.077429026365280151e-02
-3.977597132325172424e-02
2.498523890972137451e-02
-5.189527291804552078e-03
7.290462497621774673e-03
-1.598268165253102779e-03
-1.298919669352471828e-04
1.699520274996757507e-02
2.715698257088661194e-02
7.291001733392477036e-03
-1.851051673293113708e-02
2.511453814804553986e-02
1.792318746447563171e-02
9.612441994249820709e-03
1.301788911223411560e-02
-3.070008009672164917e-02
7.198624312877655029e-03
1.868708617985248566e-02
-7.984966970980167389e-03
7.320232689380645752e-03
3.886559605598449707e-02
-6.050252821296453476e-03
3.033283166587352753e-03
-2.252736687660217285e-02
-2.830172143876552582e-02
-5.077765882015228271e-02
7.193721365183591843e-03
3.137390688061714172e-02
-8.689912036061286926e-03
1.978523842990398407e-02
-4.937512800097465515e-03
-3.329837694764137268e-02
-4.605787806212902069e-03
-2.747457101941108704e-02
-9.164407849311828613e-02
-1.740951836109161377e-02
-2.186089307069778442e-01
-2.291518636047840118e-02
-8.190765511244535446e-04
2.697948180139064789e-02
-9.561844170093536377e-02
5.302444566041231155e-03
-1.255998201668262482e-02
3.726608306169509888e-02
1.550538372248411179e-02
-1.468611210584640503e-01
-2.655459381639957428e-02
-3.780609369277954102e-02
-4.104152321815490723e-04
-1.694848388433456421e-01
3.174731507897377014e-02
-3.898736089468002319e-02
2.175481058657169342e-02
1.559870503842830658e-02
-2.870484255254268646e-02
2.335994131863117218e-02
4.255771171301603317e-03
2.177802234655246139e-04
-6.453420966863632202e-02
-2.577567696571350098e-01
-5.179196014069020748e-04
-3.200252726674079895e-02
2.272151410579681396e-02
9.387470781803131104e-03
-2.707335166633129120e-02
-1.708015054464340210e-02
3.419060027226805687e-03
1.998723857104778290e-02
-4.191236104816198349e-03
-6.278081238269805908e-02
-7.477745413780212402e-02
-2.355524338781833649e-03
7.648869068361818790e-04
1.244760211557149887e-02
1.055807061493396759e-02
1.743515767157077789e-02
3.953380044549703598e-03
2.234064304502680898e-04
-1.676287874579429626e-02
-1.354573667049407959e-02
-7.294369395822286606e-03
7.796382531523704529e-03
2.438621968030929565e-02
1.137076131999492645e-02
-1.072236709296703339e-02
-2.242964459583163261e-03
2.382182888686656952e-02
-2.171288728713989258e-01
2.798728272318840027e-02
-1.118176504969596863e-01
-8.143938146531581879e-03
-4.045466892421245575e-03
-3.652605041861534119e-02
-1.246470026671886444e-03
-9.378712624311447144e-03
-9.439897723495960236e-03
-1.253741979598999023e-02
-1.541806757450103760e-01
6.223529111593961716e-03
-9.603136032819747925e-02
1.702629029750823975e-02
1.457501854747533798e-02
-1.151930890046060085e-03
-8.255944587290287018e-03
-2.197650726884603500e-03
1.077442616224288940e-02
-4.663753206841647625e-04
-1.381588540971279144e-02
-1.661866903305053711e-02
-8.419501036405563354e-02
6.183463614434003830e-03
-2.758314460515975952e-02
3.716593980789184570e-02
-5.939679103903472424e-04
1.250999048352241516e-02
5.973509512841701508e-03
-2.799178007990121841e-03
6.259053479880094528e-03
2.792227640748023987e-02
-6.388326175510883331e-03
7.019358454272150993e-04
-6.658180803060531616e-02
1.131825800985097885e-02
-4.807754419744014740e-03
2.696007140912115574e-04
1.220324169844388962e-02
-1.545826159417629242e-02
2.303910069167613983e-02
2.406255109235644341e-03
1.327623333781957626e-02
-8.838011883199214935e-03
2.233140543103218079e-02
1.977195963263511658e-02
1.291314419358968735e-02
2.078982070088386536e-02
5.484852567315101624e-02
2.022203058004379272e-02
-1.978424535309386556e-09
-2.794222964439541101e-04
-2.096737548708915710e-02
2.628890983760356903e-02
-4.135644063353538513e-03
-8.147981762886047363e-02
-1.645920798182487488e-02
-8.635281585156917572e-03
3.156556561589241028e-02
-3.820553421974182129e-03
2.382605103775858879e-03
5.754555109888315201e-03
-4.648185521364212036e-02
-2.576182223856449127e-02
-1.662195771932601929e-01
-1.232988834381103516e-01
6.165922619402408600e-03
1.585882157087326050e-02
-5.822490435093641281e-03
2.399741113185882568e-02
4.220502916723489761e-03
3.396943584084510803e-02
-4.766528308391571045e-02
1.169709209352731705e-02
-3.527156263589859009e-02
-6.766768544912338257e-02
2.660754509270191193e-02
-1.030020229518413544e-02
-2.766816318035125732e-02
-5.438353866338729858e-02
2.887385711073875427e-02
-1.720805466175079346e-02
4.841364920139312744e-03
-5.056643858551979065e-03
-3.888437524437904358e-02
1.235515438020229340e-02
-1.093126554042100906e-02
-2.024135738611221313e-02
3.075471520423889160e-02
2.506090700626373291e-02
7.314514834433794022e-03
-7.222961634397506714e-03
-6.053452566266059875e-02
9.311654604971408844e-03
-1.472947001457214355e-01
-1.424453258514404297e-01
-6.625398993492126465e-03
3.293515741825103760e-02
1.291723828762769699e-02
-3.074961528182029724e-02
-3.032120466232299805e-01
-3.776672855019569397e-02
-3.210836276412010193e-02
1.773868501186370850e-02
2.356704510748386383e-02
2.456648275256156921e-02
1.090865954756736755e-02
-1.484325062483549118e-02
-9.866536408662796021e-02
-1.679847687482833862e-01
2.118744887411594391e-02
-5.592594854533672333e-03
-8.492142893373966217e-03
4.814608546439558268e-04
-3.337226063013076782e-02
1.786126568913459778e-02
-1.288248575292527676e-03
-2.890864759683609009e-02
-2.471405640244483948e-02
-3.744022548198699951e-02
2.001209557056427002e-02
-2.896313183009624481e-02
1.512051653116941452e-02
-5.066098645329475403e-02
1.575613394379615784e-02
-9.024834260344505310e-03
-4.197994712740182877e-03
3.801274346187710762e-03
-4.727261140942573547e-02
-8.091566711664199829e-02
-3.147665038704872131e-02
-4.489806480705738068e-03
1.603719219565391541e-02
-1.354628056287765503e-01
1.453310716897249222e-02
2.574383653700351715e-02
-9.616571664810180664e-02
-2.163570187985897064e-02
-2.122483998537063599e-01
7.613308727741241455e-03
-3.078718669712543488e-02
1.541173551231622696e-02
-1.072620153427124023e-01
2.793652529362589121e-04
-8.657022565603256226e-02
-3.975792229175567627e-02
-3.874380514025688171e-02
-4.199655726552009583e-03
-1.603851765394210815e-01
-7.516794651746749878e-02
-1.114807250314533207e-22
-2.893534302711486816e-02
1.458284538239240646e-02
1.440588571131229401e-02
-6.174838170409202576e-03
-2.782571315765380859e-02
1.259547192603349686e-02
3.873666748404502869e-03
-2.706254273653030396e-02
-2.598261646926403046e-02
-1.819674025682616048e-06
1.446889154613018036e-02
1.953753270208835602e-02
-1.097125336527824402e-01
-1.725718230009078979e-01
-6.664122641086578369e-02
-3.276874125003814697e-02
-5.747143924236297607e-02
-1.690410636365413666e-02
-2.113987505435943604e-02
-5.766575224697589874e-03
-6.397280097007751465e-02
-2.659156685695052147e-03
-9.064514935016632080e-02
-1.702268491499125957e-03
-6.120890378952026367e-02
2.206108346581459045e-02
3.496907418593764305e-03
-1.699457913637161255e-01
-6.665283348411321640e-03
6.347925402224063873e-03
7.341995369642972946e-03
-6.994955241680145264e-03
1.280167978256940842e-02
1.347264461219310760e-02
4.546597599983215332e-03
9.833868592977523804e-03
-2.585142850875854492e-01
1.014695968478918076e-02
-1.157955601811408997e-01
-1.015561819076538086e-01
-2.802363783121109009e-02
-6.417299807071685791e-02
2.229261677712202072e-03
2.269782125949859619e-02
2.513754367828369141e-02
-7.786099612712860107e-02
-4.689687397330999374e-03
-4.763660207390785217e-02
-2.128060162067413330e-02
-1.576468534767627716e-02
-9.813600219786167145e-03
5.173657555133104324e-03
-3.312985354568809271e-04
-2.163227833807468414e-02
1.860127202235162258e-03
-3.524130582809448242e-02
-6.301420927047729492e-02
1.811778731644153595e-02
-2.690262719988822937e-02
2.671882696449756622e-02
1.686027087271213531e-02
2.871792064979672432e-03
-1.388875674456357956e-02
1.880417764186859131e-02
4.393278155475854874e-03
-1.138334274291992188e-01
3.896538168191909790e-03
-1.104800775647163391e-01
7.514492608606815338e-03
2.079844707623124123e-03
1.505174953490495682e-02
-1.929075643420219421e-02
-2.293516322970390320e-02
4.921110346913337708e-03
-1.659552566707134247e-02
-4.214657004922628403e-03
3.000285476446151733e-02
-1.788249425590038300e-02
1.103019621223211288e-02
-2.716490253806114197e-02
-2.152222674340009689e-03
-1.169553026556968689e-01
-3.304867818951606750e-02
-3.760716691613197327e-02
-3.152344003319740295e-02
-2.750640967860817909e-03
-4.108221083879470825e-02
-1.049000620841979980e-01
-1.335753351449966431e-01
-1.107840836048126221e-01
-6.889403332024812698e-03
-5.885945633053779602e-02
1.570611633360385895e-02
-7.313082367181777954e-02
-1.472131758928298950e-01
-4.998169839382171631e-02
-1.554981223307549953e-03
-5.613915994763374329e-02
-6.975354254245758057e-02
