7.515698671340942383e-02
4.744866117835044861e-02
3.173523768782615662e-02
8.646123856306076050e-02
3.954698890447616577e-02
6.327328830957412720e-02
3.130982071161270142e-02
8.232351392507553101e-02
3.258849680423736572e-02
4.443094134330749512e-02
4.982523620128631592e-02
6.740887463092803955e-02
6.823663413524627686e-02
5.431659147143363953e-02
3.798724338412284851e-02
3.350694477558135986e-02
3.704775124788284302e-02
8.073759078979492188e-02
9.869541972875595093e-02
3.093674220144748688e-02
9.294059127569198608e-02
4.673212021589279175e-02
7.319116592407226562e-02
7.581808418035507202e-02
2.694036997854709625e-02
6.005461513996124268e-02
3.771743550896644592e-02
4.746944829821586609e-02
6.006088852882385254e-02
4.503091052174568176e-02
8.715636283159255981e-02
3.076472133398056030e-02
2.835820615291595459e-02
4.573114961385726929e-02
6.560450047254562378e-02
6.534912437200546265e-02
2.239071205258369446e-02
6.505371630191802979e-02
3.122088126838207245e-02
6.306353211402893066e-02
7.312571257352828979e-02
4.061348363757133484e-02
-7.517719628237495844e-13
6.247349828481674194e-02
3.554048761725425720e-02
2.229061909019947052e-02
7.737625390291213989e-02
7.807536423206329346e-02
8.301904797554016113e-02
1.522537786513566971e-02
4.123198240995407104e-02
7.396843284368515015e-02
2.246180176734924316e-02
-3.024478070437908173e-02
5.423217639327049255e-02
5.437251552939414978e-02
4.016431793570518494e-02
7.188820093870162964e-02
1.713746599853038788e-02
2.860488370060920715e-02
2.595400437712669373e-02
7.115462422370910645e-02
2.427744120359420776e-02
1.761566847562789917e-02
