-2.698402293026447296e-02
-5.335444808006286621e-01
-4.465131759643554688e-01
-3.432261571288108826e-02
-1.392163522541522980e-02
-5.288600921630859375e-01
-5.437685847282409668e-01
-4.518334567546844482e-01
-4.629400670528411865e-01
-4.710141718387603760e-01
-1.975760012865066528e-01
-4.384389519691467285e-01
-4.732998609542846680e-01
-4.806400239467620850e-01
-3.874718546867370605e-01
-7.595789432525634766e-02
-4.977735280990600586e-01
-2.531704008579254150e-01
-3.933014273643493652e-01
-4.434238374233245850e-01
-4.245840013027191162e-01
-5.332771316170692444e-02
-9.516250342130661011e-02
-4.508713185787200928e-01
-4.227160215377807617e-01
-1.606128513813018799e-01
-2.142279446125030518e-01
-5.180179476737976074e-01
-5.582292675971984863e-01
-3.724355101585388184e-01
-4.275605678558349609e-01
-4.714893698692321777e-01
-5.442004799842834473e-01
-5.041089653968811035e-01
-4.530426561832427979e-01
-4.788138866424560547e-01
-3.929573893547058105e-01
-3.358514904975891113e-01
-4.928547441959381104e-01
-4.774437844753265381e-01
-4.184408485889434814e-01
-4.253438413143157959e-01
-5.294758081436157227e-01
-4.750071167945861816e-01
-4.240673482418060303e-01
-4.139567315578460693e-01
-4.883979260921478271e-01
-3.914902806282043457e-01
-4.211780726909637451e-01
-4.705902934074401855e-01
-4.677760601043701172e-01
-3.356305956840515137e-01
-8.446774631738662720e-02
-7.363476157188415527e-01
-3.705732524394989014e-01
-4.296011030673980713e-01
-1.160342544317245483e-01
-3.385882377624511719e-01
-3.627665638923645020e-01
-4.305956661701202393e-01
-4.425061047077178955e-01
-1.871226280927658081e-01
-1.601765602827072144e-01
-3.664162755012512207e-01
-8.919388055801391602e-01
-5.948769450187683105e-01
-5.680068135261535645e-01
-4.991656541824340820e-01
-5.132876038551330566e-01
-4.367872476577758789e-01
-4.705418348312377930e-01
-3.422474265098571777e-01
-3.912821412086486816e-01
-2.559897601604461670e-01
-3.864440917968750000e-01
-4.762902855873107910e-01
-4.422384500503540039e-01
-4.951741993427276611e-01
-5.008773803710937500e-01
-2.930618822574615479e-01
-2.954156994819641113e-01
-4.825214147567749023e-01
-4.171286523342132568e-01
-4.446593523025512695e-01
-4.112281501293182373e-01
-4.147895872592926025e-01
-4.507786929607391357e-01
-5.579735636711120605e-01
-4.793483316898345947e-01
-5.209846496582031250e-01
-5.402759313583374023e-01
-3.768039643764495850e-01
-4.623249173164367676e-01
-5.048776865005493164e-01
-5.279660224914550781e-01
-4.928603172302246094e-01
-4.852506518363952637e-01
-4.969424605369567871e-01
-5.641962885856628418e-01
-4.654451012611389160e-01
-2.964943833649158478e-02
-5.590506196022033691e-01
-4.897516369819641113e-01
-4.147934317588806152e-01
-4.751712679862976074e-01
-2.808844447135925293e-01
-3.255777060985565186e-01
-4.166903495788574219e-01
-4.336749911308288574e-01
-4.779959917068481445e-01
-5.012605190277099609e-01
-5.924860760569572449e-02
-5.611985921859741211e-01
-4.000823944807052612e-02
-3.876468539237976074e-01
-4.270859956741333008e-01
-3.738757967948913574e-01
-5.085819959640502930e-01
-4.117978513240814209e-01
-4.067202508449554443e-01
-5.495787262916564941e-01
-4.089932143688201904e-01
-5.068452954292297363e-01
-3.177040219306945801e-01
2.171402238309383392e-02
-4.808800220489501953e-01
-1.614191532135009766e-01
-5.204539895057678223e-01
-2.945454120635986328e-01
-4.868088066577911377e-01
-6.829059720039367676e-01
-5.069470778107643127e-02
-4.718672335147857666e-01
-4.449132382869720459e-01
-4.423905313014984131e-01
-4.990103840827941895e-01
-4.633509218692779541e-01
-4.649108052253723145e-01
-4.440846145153045654e-01
-6.926867365837097168e-01
-3.744986951351165771e-01
-4.349630773067474365e-01
-3.979988098144531250e-01
-3.646229207515716553e-01
-4.332363903522491455e-01
-4.973426461219787598e-01
-6.952928006649017334e-02
-7.054181694984436035e-01
-4.849114418029785156e-01
-4.106697142124176025e-01
-4.558324515819549561e-01
-3.993451595306396484e-01
-3.163890242576599121e-01
-4.620522260665893555e-01
-2.343289554119110107e-02
-2.989540994167327881e-01
-3.957850635051727295e-01
-5.571189522743225098e-01
-5.126418471336364746e-01
-1.418048422783613205e-02
-4.664116501808166504e-01
-3.457314670085906982e-01
-4.208343327045440674e-01
-5.443369150161743164e-01
-2.399672120809555054e-01
-1.852432042360305786e-01
-4.140612781047821045e-01
-3.426927328109741211e-01
-4.542549848556518555e-01
-5.198835730552673340e-01
-4.564750492572784424e-01
-4.938476681709289551e-01
-1.403352767229080200e-01
-2.791394293308258057e-01
-7.308217883110046387e-02
-4.889368116855621338e-01
-1.131447777152061462e-02
-3.706499338150024414e-01
-5.985206961631774902e-01
-5.779454708099365234e-01
-3.655043244361877441e-01
-4.154349267482757568e-01
-4.311957955360412598e-01
-4.909108877182006836e-01
-3.112012147903442383e-01
-4.440027773380279541e-01
-2.193927466869354248e-01
-4.369835853576660156e-01
-4.838969409465789795e-01
-4.475143253803253174e-01
-4.441422224044799805e-01
-3.915312886238098145e-01
-4.298278391361236572e-01
-4.739822745323181152e-01
-5.521271228790283203e-01
-1.494514048099517822e-01
-3.703400790691375732e-01
-5.333026647567749023e-01
-2.319781482219696045e-01
-4.212379455566406250e-01
-4.291155040264129639e-01
-2.485668286681175232e-02
-5.428838729858398438e-02
-1.278173178434371948e-01
-1.991368234157562256e-01
-3.786390721797943115e-01
-4.789312183856964111e-01
-4.771951735019683838e-01
-2.974047958850860596e-01
-5.683447048068046570e-02
-4.685048758983612061e-01
-3.362813889980316162e-01
-5.127630829811096191e-01
-4.196428656578063965e-01
-3.999416828155517578e-01
-3.915435671806335449e-01
-4.281591475009918213e-01
-2.928304374217987061e-01
-4.734692275524139404e-01
-2.264420837163925171e-01
-2.446197718381881714e-01
-4.976371526718139648e-01
-6.257537007331848145e-01
-3.381325304508209229e-01
-4.556763172149658203e-01
-5.190139412879943848e-01
-4.200035333633422852e-01
-1.660149544477462769e-01
-4.637098014354705811e-01
-4.895595014095306396e-01
-5.344954729080200195e-01
-4.927372336387634277e-01
-2.385372966527938843e-01
-5.188034176826477051e-01
-4.978627562522888184e-01
-4.208265542984008789e-01
-4.154767990112304688e-01
-3.789891302585601807e-01
-4.671401083469390869e-01
-5.428126454353332520e-01
-5.034748911857604980e-01
-3.593586087226867676e-01
-8.310090750455856323e-02
-1.313292980194091797e-01
-5.862143039703369141e-01
-3.445224463939666748e-01
-5.294177532196044922e-01
-3.571693003177642822e-01
-4.390042424201965332e-01
-4.415530562400817871e-01
-4.891199171543121338e-01
-4.080498814582824707e-01
-3.874704241752624512e-01
-3.743443489074707031e-01
-4.122765958309173584e-01
-5.588004589080810547e-01
-3.089745640754699707e-01
-4.595099389553070068e-01
-4.611423015594482422e-01
-4.165594279766082764e-01
-4.595571756362915039e-01
-5.615475177764892578e-01
-5.446080565452575684e-01
-4.193016290664672852e-01
-4.699367284774780273e-01
-3.101454973220825195e-01
-5.196844935417175293e-01
-5.723421573638916016e-01
-4.328446090221405029e-01
-6.338215470314025879e-01
-4.664594531059265137e-01
-4.668017029762268066e-01
-5.436997413635253906e-01
-4.966000318527221680e-01
-5.593611598014831543e-01
-4.161757528781890869e-01
-4.733299612998962402e-01
-4.102636873722076416e-01
-4.635266959667205811e-01
-4.980592429637908936e-01
-1.607310026884078979e-02
-4.333186149597167969e-01
-4.636213779449462891e-01
-9.897308051586151123e-02
-4.794920384883880615e-01
-4.419942498207092285e-01
-4.421155154705047607e-01
-4.204351305961608887e-01
-4.196158349514007568e-01
2.252148278057575226e-02
-3.625642657279968262e-01
-4.644561707973480225e-01
-2.450115047395229340e-02
-2.255011200904846191e-01
-3.309133350849151611e-01
-3.422056436538696289e-01
-4.983098506927490234e-01
-4.310874938964843750e-01
-3.491023778915405273e-01
-4.489017724990844727e-01
-3.965486586093902588e-01
-5.048002600669860840e-01
-4.314017891883850098e-01
-3.128045201301574707e-01
-2.859778702259063721e-01
-4.363602101802825928e-01
-3.615456223487854004e-01
-3.376318812370300293e-01
-4.278362393379211426e-01
-5.142819881439208984e-01
-2.030567973852157593e-01
-4.076891392469406128e-02
-6.415389776229858398e-01
-4.311511516571044922e-01
-4.999189078807830811e-01
-3.633651137351989746e-01
-6.144485473632812500e-01
-5.827533006668090820e-01
-2.755598425865173340e-01
-4.431384205818176270e-01
-4.311062693595886230e-01
-2.337628006935119629e-01
-5.134041309356689453e-01
-4.305551350116729736e-01
-4.131415486335754395e-01
-5.251552462577819824e-01
-3.768195509910583496e-01
-5.943981409072875977e-01
-4.159440398216247559e-01
-5.803936719894409180e-01
-4.922786056995391846e-01
-4.874818921089172363e-01
-4.425400495529174805e-01
-2.266508936882019043e-01
-4.058817923069000244e-01
-4.122046530246734619e-01
-3.428824543952941895e-01
-3.037909865379333496e-01
-3.987085819244384766e-01
-3.194129765033721924e-01
-8.995284885168075562e-02
-3.824360072612762451e-01
-4.720818698406219482e-01
-5.284953713417053223e-01
-5.648210644721984863e-01
-4.382166564464569092e-01
-4.938804805278778076e-01
-5.309274792671203613e-01
-4.296323657035827637e-01
-6.270985603332519531e-01
-1.037804316729307175e-02
-5.011706352233886719e-01
-2.358675450086593628e-01
-5.182849168777465820e-01
-4.433114826679229736e-01
-3.008975088596343994e-01
-3.901525437831878662e-01
-2.821676433086395264e-01
-4.925792813301086426e-01
-2.517640292644500732e-01
-3.607457280158996582e-01
-4.439229071140289307e-01
-3.937913179397583008e-01
-4.568028748035430908e-01
-3.278970718383789062e-01
-4.083384573459625244e-01
-4.777098298072814941e-01
-4.897458255290985107e-01
-3.483763039112091064e-01
-4.148793816566467285e-01
-4.291568696498870850e-01
-5.050848722457885742e-01
-5.053719282150268555e-01
-4.849984049797058105e-01
-4.175753295421600342e-01
-4.930647462606430054e-02
-4.143437743186950684e-01
-7.909027934074401855e-01
-4.630702733993530273e-01
-7.246815562248229980e-01
-6.301234960556030273e-01
-5.960961580276489258e-01
-2.377763241529464722e-01
-4.420914053916931152e-01
-4.611867070198059082e-01
-4.937546551227569580e-01
-5.278952717781066895e-01
-3.860240578651428223e-01
-4.584441781044006348e-01
-4.236760735511779785e-01
-4.965831935405731201e-01
-2.843048982322216034e-02
-1.328552812337875366e-01
-5.799472332000732422e-01
-4.975771307945251465e-01
-3.976379632949829102e-01
-4.036778807640075684e-01
-4.134398400783538818e-01
-6.278666257858276367e-01
-6.144051998853683472e-02
-8.227621316909790039e-01
-1.941841542720794678e-01
-5.142655968666076660e-01
-1.649862155318260193e-02
-9.039020538330078125e-02
-4.991887807846069336e-01
-3.111279569566249847e-02
-2.054753005504608154e-01
-2.234804481267929077e-01
-5.030648112297058105e-01
-3.674654662609100342e-01
-3.409214317798614502e-01
-4.532472193241119385e-01
-3.684169352054595947e-01
-6.778924465179443359e-01
-4.813662469387054443e-01
-3.149553239345550537e-01
-2.891624867916107178e-01
-4.471304714679718018e-01
-2.581760883331298828e-01
-4.047826528549194336e-01
-3.152473866939544678e-01
-3.901151120662689209e-01
-2.468738406896591187e-01
-5.551109313964843750e-01
-2.732241153717041016e-01
-2.237911522388458252e-01
-4.335236251354217529e-01
-2.653891742229461670e-01
-4.792989492416381836e-01
-2.661175727844238281e-01
-3.571573495864868164e-01
-4.176608920097351074e-01
-5.014263987541198730e-01
-6.200553774833679199e-01
-4.225458502769470215e-01
-3.987253308296203613e-01
-2.970305085182189941e-01
-4.529231190681457520e-01
-4.565143883228302002e-01
-1.859524846076965332e-01
-1.940502822399139404e-01
-3.847737014293670654e-01
-4.329165816307067871e-01
-4.212067127227783203e-01
-5.436243414878845215e-01
-4.159351289272308350e-01
-3.045278489589691162e-01
-4.684047400951385498e-01
-4.401775076985359192e-02
-5.486332625150680542e-02
-4.426351189613342285e-01
-3.808782398700714111e-01
-4.294595420360565186e-01
-5.113680362701416016e-01
-5.152634382247924805e-01
-5.007484555244445801e-01
-5.692574977874755859e-01
-3.455678522586822510e-01
-5.363200902938842773e-01
-3.929524719715118408e-01
-4.360573589801788330e-01
-3.979073762893676758e-01
-5.411455631256103516e-01
-3.974429070949554443e-01
-1.221507266163825989e-01
-6.518597602844238281e-01
-5.360083580017089844e-01
-6.144418120384216309e-01
-4.963653385639190674e-01
-5.026637315750122070e-01
-3.644353747367858887e-01
-5.895936489105224609e-01
-5.248606801033020020e-01
-3.700603544712066650e-01
-4.950411021709442139e-01
-4.936513900756835938e-01
-3.796914815902709961e-01
-4.983847737312316895e-01
-2.946841120719909668e-01
-4.091984927654266357e-01
-4.262141287326812744e-01
-4.496114552021026611e-01
4.245109856128692627e-02
-5.784990787506103516e-01
-6.452819108963012695e-01
-3.055677413940429688e-01
-3.941771090030670166e-01
-2.996191382408142090e-01
-3.956945836544036865e-01
-5.270336270332336426e-01
-5.494552254676818848e-01
-5.064877271652221680e-01
-6.446613073348999023e-01
-4.157668352127075195e-01
-4.256584644317626953e-01
-3.702057301998138428e-01
-3.877588510513305664e-01
-3.401555418968200684e-01
-5.829056501388549805e-01
-4.041747152805328369e-01
-1.315583139657974243e-01
-3.099882602691650391e-01
-4.656890630722045898e-01
-4.918720126152038574e-01
-5.175655484199523926e-01
-4.446305632591247559e-01
-3.483010530471801758e-01
-4.091154634952545166e-01
-3.152571618556976318e-02
-2.273691743612289429e-01
-2.962706089019775391e-01
-4.852689802646636963e-01
4.213726893067359924e-02
-4.568922221660614014e-01
-5.434083342552185059e-01
-4.486533999443054199e-01
-3.399610519409179688e-01
-4.054176211357116699e-01
-4.180776774883270264e-01
-4.924662113189697266e-01
-6.885998845100402832e-01
-3.547298014163970947e-01
-3.487115800380706787e-01
-5.639644339680671692e-02
-4.439486265182495117e-01
-1.856187134981155396e-01
-5.099506378173828125e-01
-5.962938666343688965e-01
-4.299703836441040039e-01
-3.403280079364776611e-01
-5.079739093780517578e-01
-5.174975395202636719e-01
-4.346544742584228516e-01
-4.373531639575958252e-01
-7.164861559867858887e-01
-6.447894573211669922e-01
-4.801849424839019775e-01
-5.347192883491516113e-01
-5.686666965484619141e-01
-5.721945166587829590e-01
-4.442922174930572510e-01
-4.607093632221221924e-01
-3.982323408126831055e-01
-4.894743263721466064e-01
-9.580782800912857056e-02
-4.097202718257904053e-01
-4.072662293910980225e-01
-5.119367837905883789e-01
-5.959962606430053711e-01
-4.221469759941101074e-01
-4.210342168807983398e-01
-8.829974532127380371e-01
-6.663001328706741333e-02
-4.191149473190307617e-01
-4.142822325229644775e-01
-4.902465641498565674e-01
-4.877135753631591797e-01
-4.179557561874389648e-01
-4.144853949546813965e-01
-1.250748336315155029e-01
-6.086772680282592773e-02
-1.505756080150604248e-01
-3.469678759574890137e-01
-5.634107589721679688e-01
-3.717694878578186035e-01
-2.781498432159423828e-01
-4.137866497039794922e-01
-3.600603938102722168e-01
-4.037069976329803467e-01
-5.077152848243713379e-01
-3.584960699081420898e-01
-4.716929197311401367e-01
-1.641866564750671387e-01
-5.536223053932189941e-01
-5.011707544326782227e-01
-4.257833957672119141e-02
-6.167404651641845703e-01
-4.619241356849670410e-01
-4.241359829902648926e-01
-1.971067115664482117e-02
-5.024204850196838379e-01
-3.949567675590515137e-01
-2.799076028168201447e-02
-3.506270349025726318e-01
-3.278297483921051025e-01
-3.124409615993499756e-01
-3.109182715415954590e-01
-3.846565485000610352e-01
-4.611316025257110596e-01
-4.580677747726440430e-01
-3.690285980701446533e-01
-3.905185163021087646e-01
-4.603913724422454834e-01
-4.202963113784790039e-01
-4.305430352687835693e-01
-3.445981442928314209e-01
-3.789812326431274414e-01
-9.540303796529769897e-02
-3.983139395713806152e-01
-7.051431536674499512e-01
-3.462395071983337402e-01
-2.573353350162506104e-01
-1.315146982669830322e-01
-1.963295489549636841e-01
-4.065185189247131348e-01
-5.212185382843017578e-01
-4.613198339939117432e-01
-1.822926290333271027e-02
-3.807041347026824951e-01
-3.698422610759735107e-01
-3.043180704116821289e-01
-3.926922380924224854e-01
-4.029947221279144287e-01
-4.592587053775787354e-01
-3.777483701705932617e-01
-3.890553712844848633e-01
-6.375660896301269531e-01
-1.528904289007186890e-01
-3.798740804195404053e-01
-4.419516921043395996e-01
-4.594565033912658691e-01
-4.360331594944000244e-01
-3.782163858413696289e-01
-5.354972481727600098e-01
-3.953730463981628418e-01
-5.270790457725524902e-01
-4.047963321208953857e-01
-5.804822444915771484e-01
-4.519952833652496338e-01
-4.066486358642578125e-01
-3.759708106517791748e-01
-3.994228839874267578e-01
-4.686580002307891846e-01
-4.010130465030670166e-01
-2.303837239742279053e-01
-4.145063161849975586e-01
-4.078626334667205811e-01
-4.212209880352020264e-01
-2.072048634290695190e-01
-4.608110785484313965e-01
-2.390509657561779022e-02
-4.189686775207519531e-01
-4.771082401275634766e-01
-3.284197151660919189e-01
-3.673161268234252930e-01
-3.997811079025268555e-01
-2.724706232547760010e-01
-5.124920010566711426e-01
-4.119977653026580811e-01
-2.089064754545688629e-02
-2.710512876510620117e-01
-5.197819471359252930e-01
-6.688889861106872559e-01
-5.202311873435974121e-01
-5.445026159286499023e-01
-4.585376977920532227e-01
-3.403722047805786133e-01
-5.388091802597045898e-01
-4.386059343814849854e-01
-2.848429977893829346e-01
-1.773712038993835449e-01
-2.054467983543872833e-02
-5.046222805976867676e-01
-4.794310331344604492e-01
-6.326047778129577637e-01
-3.920890986919403076e-01
-3.471937030553817749e-02
-3.869887888431549072e-01
-3.915248811244964600e-01
-4.932031631469726562e-01
-4.551121890544891357e-01
-4.903145432472229004e-01
-3.140891790390014648e-01
-1.849431358277797699e-02
-4.629448652267456055e-01
-4.635726809501647949e-01
-1.868330538272857666e-01
-3.791489601135253906e-01
-4.662075638771057129e-01
-4.543543159961700439e-01
-4.361859858036041260e-01
-1.369955241680145264e-01
-1.213513836264610291e-01
-4.527559578418731689e-01
-5.483207106590270996e-01
-1.878945901989936829e-02
-3.856212198734283447e-01
-4.979449212551116943e-01
-4.485571384429931641e-01
-1.087723523378372192e-01
-5.113588571548461914e-01
-4.708340167999267578e-01
-3.974891304969787598e-01
-4.013164043426513672e-01
-4.980689585208892822e-01
-4.562752842903137207e-01
-3.758258819580078125e-01
-3.719247281551361084e-01
-3.285144641995429993e-02
-5.604129433631896973e-01
-4.490189850330352783e-01
-7.928348183631896973e-01
-5.378468632698059082e-01
-4.455366134643554688e-01
-4.445396661758422852e-01
-5.208317637443542480e-01
-5.101692676544189453e-01
-5.043514966964721680e-01
-2.751587629318237305e-01
-5.477073788642883301e-01
-3.892248570919036865e-01
-5.080108642578125000e-01
-4.374209642410278320e-01
-1.873241923749446869e-02
-4.452723264694213867e-01
-4.890631139278411865e-01
-2.444056868553161621e-01
-5.842934846878051758e-01
-4.433360397815704346e-01
-3.643606230616569519e-02
-2.787998020648956299e-01
-3.986482918262481689e-01
-4.428887963294982910e-01
-4.397724941372871399e-02
-4.346830248832702637e-01
-3.339447081089019775e-01
-3.923448622226715088e-01
-4.137744009494781494e-01
-4.076491594314575195e-01
-4.827777147293090820e-01
-3.647577762603759766e-01
-3.971785604953765869e-01
-6.198791861534118652e-01
-3.576969802379608154e-01
-2.485977262258529663e-01
-8.696227073669433594e-01
-5.091987848281860352e-01
-4.331546425819396973e-01
-4.092740640044212341e-02
-1.559181325137615204e-02
-3.423275947570800781e-01
-2.943207025527954102e-01
-3.878414630889892578e-01
-3.420765697956085205e-01
-2.928168177604675293e-01
-5.359562635421752930e-01
-4.355664253234863281e-01
-3.877896964550018311e-01
-3.553192913532257080e-01
-4.356619417667388916e-01
-3.542505204677581787e-01
-4.459271430969238281e-01
-4.546773731708526611e-01
-5.134309530258178711e-01
-3.614454865455627441e-01
-3.708972632884979248e-01
-3.555473983287811279e-01
-1.284011453390121460e-01
-4.429182410240173340e-01
-3.508291840553283691e-01
-3.131736814975738525e-01
-3.675654530525207520e-01
-2.114482969045639038e-01
-4.409227669239044189e-01
-4.115727245807647705e-01
-3.370964527130126953e-01
-4.163803458213806152e-01
-4.899860322475433350e-01
-4.371697604656219482e-01
-3.773866891860961914e-01
-4.741072952747344971e-01
-6.720349788665771484e-01
-5.150259733200073242e-01
-5.993089675903320312e-01
-2.023145109415054321e-01
-1.398425549268722534e-01
-5.106728672981262207e-01
-7.693795114755630493e-02
-4.693074524402618408e-01
-3.765332698822021484e-02
-4.028519392013549805e-01
-1.531528681516647339e-02
-4.588957130908966064e-01
-4.561929404735565186e-01
-5.525174140930175781e-01
-4.359667897224426270e-01
-3.901297152042388916e-01
-4.553906619548797607e-01
-5.185620188713073730e-01
-1.081179752945899963e-01
-4.736787974834442139e-01
-4.555544257164001465e-01
-4.718593060970306396e-01
-4.985677003860473633e-01
-5.289704799652099609e-01
-3.024471402168273926e-01
-3.944644927978515625e-01
-4.874218106269836426e-01
-4.209277331829071045e-01
-6.688312292098999023e-01
-1.563887298107147217e-01
-1.692429184913635254e-01
-4.309085607528686523e-01
-4.686905443668365479e-01
-4.122055768966674805e-01
-3.849128484725952148e-01
-4.559634029865264893e-01
-5.135625600814819336e-01
-4.126111865043640137e-01
-4.810608327388763428e-01
-4.540028274059295654e-01
-2.767011225223541260e-01
-5.948215350508689880e-02
-3.322578668594360352e-01
-2.822282165288925171e-02
-5.315777659416198730e-01
-4.130630493164062500e-01
-4.421076476573944092e-01
-3.646879792213439941e-01
-4.239957928657531738e-01
-5.166597366333007812e-01
-3.253920078277587891e-01
-3.563294708728790283e-01
-4.142387807369232178e-01
-4.992932379245758057e-01
-5.877922177314758301e-01
-4.127684831619262695e-01
-7.316976785659790039e-01
-1.506128609180450439e-01
-3.653228878974914551e-01
-2.819170951843261719e-01
-5.277800559997558594e-01
-2.895526885986328125e-01
-5.887153148651123047e-01
-4.212307631969451904e-01
-5.617492198944091797e-01
-4.432453513145446777e-01
-3.880287706851959229e-01
-3.998882472515106201e-01
-3.972343206405639648e-01
-4.752898216247558594e-01
-5.251969695091247559e-01
-4.488283395767211914e-01
-5.887427926063537598e-01
-4.002840518951416016e-01
-4.660695791244506836e-01
-2.957685589790344238e-01
-1.500893104821443558e-02
-3.905365467071533203e-01
-3.358609378337860107e-01
-5.501794219017028809e-01
-4.468832314014434814e-01
-3.950153589248657227e-01
-5.218485593795776367e-01
-3.621614873409271240e-01
-4.399802088737487793e-01
-5.130080580711364746e-01
-4.279664754867553711e-01
-4.341464340686798096e-01
-4.504185616970062256e-01
-7.967520505189895630e-02
-3.808876574039459229e-01
-2.618109881877899170e-01
-1.376938633620738983e-02
-6.705443561077117920e-02
-4.137293398380279541e-01
-4.744246006011962891e-01
-1.323803700506687164e-02
-5.114431381225585938e-01
-4.968400299549102783e-01
-2.830675244331359863e-01
-4.468982219696044922e-01
-4.030755162239074707e-01
-3.411300182342529297e-01
-5.034601092338562012e-01
-5.494719743728637695e-01
-7.880912721157073975e-02
-5.075275301933288574e-01
-3.527252972126007080e-01
-5.185833573341369629e-01
-5.336908102035522461e-01
-4.576658606529235840e-01
-3.893434703350067139e-01
-3.952490985393524170e-01
-4.479834735393524170e-01
-1.966685615479946136e-02
-3.028541803359985352e-02
-1.380043476819992065e-01
-4.806037545204162598e-01
-3.395224213600158691e-01
-1.492086984217166901e-02
-5.580065250396728516e-01
-5.925619602203369141e-01
-3.946578204631805420e-01
-2.532801628112792969e-01
-4.498960971832275391e-01
-3.843334019184112549e-01
-2.567541785538196564e-02
-1.297077685594558716e-01
-5.056482553482055664e-01
-4.498567581176757812e-01
-3.492619991302490234e-01
-4.213648736476898193e-01
-3.127408325672149658e-01
-4.243827760219573975e-01
-9.814552962779998779e-02
-4.524850845336914062e-01
-5.187063813209533691e-01
-5.240674018859863281e-01
-5.181621313095092773e-01
-5.264771580696105957e-01
-3.981940448284149170e-01
-4.119386672973632812e-01
-2.804379463195800781e-01
-3.737528920173645020e-01
-3.937312662601470947e-01
-3.167575001716613770e-01
-4.664774835109710693e-01
-4.745002985000610352e-01
-2.293260395526885986e-01
-5.160790085792541504e-01
4.162858426570892334e-02
-5.111954808235168457e-01
-4.017406702041625977e-01
-5.108312964439392090e-01
-4.314338862895965576e-01
-2.680475115776062012e-01
-3.675819039344787598e-01
-4.858115315437316895e-01
-6.508830934762954712e-02
-3.738104403018951416e-01
-4.420149922370910645e-01
-4.657178223133087158e-01
-4.067199230194091797e-01
-2.369846403598785400e-01
-3.758233487606048584e-01
-4.587498009204864502e-01
-2.713861763477325439e-01
-3.342689871788024902e-01
-4.794603884220123291e-01
-2.659929692745208740e-01
-4.139288067817687988e-01
-9.616882540285587311e-03
-4.655511975288391113e-01
-4.586394429206848145e-01
-3.517613410949707031e-01
-2.899718284606933594e-01
-9.847749024629592896e-02
-4.079314172267913818e-01
-5.451588034629821777e-01
-3.832128047943115234e-01
-3.180178403854370117e-01
-3.000228703022003174e-01
-3.004308640956878662e-01
-3.432822823524475098e-01
-4.604142904281616211e-01
-4.197759330272674561e-01
-4.850422739982604980e-01
-8.408905863761901855e-01
-5.603843331336975098e-01
-5.967401266098022461e-01
-4.561051726341247559e-01
-3.939481079578399658e-01
-5.634858608245849609e-01
-5.974346995353698730e-01
-4.108901917934417725e-01
-2.033360600471496582e-01
-5.926991105079650879e-01
-6.433710455894470215e-01
-3.114337325096130371e-01
-4.550405442714691162e-01
-3.803109526634216309e-01
-4.176818430423736572e-01
-5.063581466674804688e-01
-4.733385741710662842e-01
-4.096285700798034668e-01
-4.139624834060668945e-01
-4.341644644737243652e-01
-4.176327958703041077e-02
-3.254727423191070557e-01
-1.773850992321968079e-02
-4.155481755733489990e-01
-4.098770022392272949e-01
-3.082977533340454102e-01
-5.473777651786804199e-01
-4.391364753246307373e-02
-5.278990268707275391e-01
-4.134258925914764404e-01
-4.471955895423889160e-01
-4.491442739963531494e-01
-3.436606228351593018e-01
-4.909951984882354736e-01
-4.744826555252075195e-01
-5.925469994544982910e-01
-3.658301830291748047e-01
-1.652637720108032227e-01
-2.267917841672897339e-01
-5.218693614006042480e-01
-2.330043166875839233e-02
-4.580393135547637939e-01
-5.386391878128051758e-01
-4.384429454803466797e-01
-4.431111812591552734e-01
-4.134409129619598389e-01
-5.108277797698974609e-01
-4.630975723266601562e-01
-3.529480099678039551e-01
-4.911878705024719238e-01
-1.730323582887649536e-02
-6.197823882102966309e-01
-4.731492996215820312e-01
-4.172793626785278320e-01
-5.185584425926208496e-01
-4.591535329818725586e-01
-5.231783986091613770e-01
-2.181456238031387329e-01
-4.282550513744354248e-01
-3.453700840473175049e-01
-4.257086217403411865e-01
-5.089190006256103516e-01
-5.158661603927612305e-01
-4.173517525196075439e-01
-4.030667841434478760e-01
