-3.147736489772796631e-01
-1.037149578332901001e-01
-3.758828341960906982e-01
-4.077288210391998291e-01
-2.669893205165863037e-01
-1.922919601202011108e-01
-2.213571816682815552e-01
-2.989538908004760742e-01
-3.635537624359130859e-01
-2.320958673954010010e-01
-1.478317975997924805e-01
-2.695878148078918457e-01
-3.239226937294006348e-01
-2.399222403764724731e-01
-3.570510745048522949e-01
-3.768030405044555664e-01
-4.055621027946472168e-01
-2.557497322559356689e-01
-3.902356326580047607e-02
-2.322883456945419312e-01
-2.941870987415313721e-01
-4.334788918495178223e-01
-2.293097674846649170e-01
-3.302074372768402100e-01
-1.420859396457672119e-01
-3.194093406200408936e-01
-3.487217426300048828e-01
-4.286736547946929932e-01
-3.862766921520233154e-02
-2.076745629310607910e-01
-2.151542305946350098e-01
-1.883881092071533203e-01
-3.610881567001342773e-01
-4.273395240306854248e-01
-2.739983499050140381e-01
-3.682860732078552246e-01
-4.467819631099700928e-01
-3.379260301589965820e-01
-2.418817579746246338e-01
-3.021776080131530762e-01
-3.396120369434356689e-01
-3.615309596061706543e-01
-3.745382130146026611e-01
-2.982449233531951904e-01
-3.608005866408348083e-02
-3.925006389617919922e-01
-2.738254070281982422e-01
-2.017484754323959351e-01
-5.285916328430175781e-01
-3.861279487609863281e-01
-3.422158658504486084e-01
-2.362925708293914795e-01
-1.683013513684272766e-02
-2.830711603164672852e-01
-3.330398797988891602e-01
-3.160337805747985840e-01
-2.471083104610443115e-01
-2.572700977325439453e-01
-2.171564251184463501e-01
8.647861331701278687e-02
-3.989634811878204346e-01
-3.073447644710540771e-01
-3.454390764236450195e-01
-2.920217253267765045e-02
-4.104202091693878174e-01
-4.659185707569122314e-01
-3.735071420669555664e-01
-5.398954153060913086e-01
-1.208789274096488953e-01
-3.108634054660797119e-01
-2.615076303482055664e-01
-4.604839682579040527e-01
3.090651938691735268e-03
-3.625949621200561523e-01
-1.924349069595336914e-01
-2.364588379859924316e-01
-1.175832673907279968e-01
-9.437301009893417358e-02
1.527351327240467072e-02
-1.989138573408126831e-01
-1.272383034229278564e-01
-2.592901885509490967e-01
-5.118516087532043457e-01
-1.403417736291885376e-01
-1.722024530172348022e-01
-1.030263602733612061e-01
-1.656094938516616821e-01
-2.248398512601852417e-01
-3.731942176818847656e-01
-2.562842071056365967e-01
-2.270131558179855347e-01
-4.114223420619964600e-01
-2.072355598211288452e-01
-5.698524415493011475e-02
-2.906996309757232666e-01
-2.297089993953704834e-01
-3.385817408561706543e-01
-3.478532433509826660e-01
-1.486612111330032349e-01
-2.692058682441711426e-01
-4.341686666011810303e-01
-1.555150747299194336e-01
-3.241547346115112305e-01
-2.966853678226470947e-01
-3.836230933666229248e-01
-2.135577201843261719e-01
-3.063513934612274170e-01
-2.047147899866104126e-01
-3.658033311367034912e-01
-2.006274014711380005e-01
-7.297705113887786865e-02
-4.939077794551849365e-01
-3.981045186519622803e-01
-2.551539242267608643e-01
-2.957846224308013916e-01
-2.297995537519454956e-01
6.286178529262542725e-02
-2.111050337553024292e-01
-2.139580100774765015e-01
-3.488736450672149658e-01
-1.522226631641387939e-01
-1.866199821233749390e-01
-1.748624145984649658e-01
-4.104237556457519531e-01
-3.560140430927276611e-01
-2.729818820953369141e-01
-3.337923288345336914e-01
-1.694521009922027588e-01
-4.404804110527038574e-01
-3.491783738136291504e-01
-2.918083071708679199e-01
-3.377507627010345459e-01
-2.261223793029785156e-01
-2.772319316864013672e-01
-3.814044296741485596e-01
-4.051057398319244385e-01
-2.017072960734367371e-02
-2.928799986839294434e-01
-1.893382370471954346e-01
-3.452791273593902588e-01
-3.535616993904113770e-01
-3.562400341033935547e-01
-2.702455520629882812e-01
-1.962621957063674927e-01
-3.183753788471221924e-01
-2.367337346076965332e-01
-3.045365810394287109e-01
-4.133172333240509033e-01
-4.195490479469299316e-01
-1.770656853914260864e-01
-2.898966073989868164e-01
-3.651484549045562744e-01
-4.316692352294921875e-01
-1.261696964502334595e-01
-1.553555428981781006e-01
-4.018887877464294434e-01
-3.807907402515411377e-01
-5.649126768112182617e-01
-3.481219112873077393e-01
-2.807340323925018311e-01
-3.146111965179443359e-01
-3.629132807254791260e-01
-3.790559172630310059e-01
-4.727469086647033691e-01
-3.549185097217559814e-01
-4.610504806041717529e-01
-2.839020788669586182e-01
-8.273608982563018799e-02
-3.251969814300537109e-01
-3.987702131271362305e-01
-1.900635063648223877e-01
-2.195904031395912170e-02
-3.083708286285400391e-01
-1.458430588245391846e-01
-3.018783032894134521e-02
-2.912858128547668457e-01
-1.776530295610427856e-01
-2.397585064172744751e-01
-3.006436526775360107e-01
-4.060587584972381592e-01
-2.297996878623962402e-01
-2.275997996330261230e-01
-2.362131774425506592e-01
-2.156253308057785034e-01
-1.832381188869476318e-01
-2.147402763366699219e-01
-2.631372809410095215e-01
-7.147004455327987671e-02
-3.227522969245910645e-01
-3.911188542842864990e-01
-1.555439233779907227e-01
-2.132141590118408203e-01
-1.462768763303756714e-01
-2.341673225164413452e-01
-3.360258042812347412e-01
-2.675494849681854248e-01
-2.790997028350830078e-01
-3.298907279968261719e-01
-4.135954082012176514e-01
-4.803106486797332764e-01
-2.441706955432891846e-01
-2.068224847316741943e-01
-4.633713364601135254e-01
-3.240423277020454407e-02
-2.123184502124786377e-01
-4.415115416049957275e-01
-3.513798713684082031e-01
-5.283880829811096191e-01
-2.296629995107650757e-01
-3.251001536846160889e-01
-2.805249094963073730e-01
-2.547079026699066162e-01
-1.843847483396530151e-01
-3.741588592529296875e-01
-2.153271883726119995e-01
-3.390243947505950928e-01
-2.138953059911727905e-01
-3.679657280445098877e-01
-1.318559795618057251e-01
-2.794321477413177490e-01
-1.908469200134277344e-01
-2.931824922561645508e-01
-3.243248462677001953e-01
-2.193319201469421387e-01
-3.265795707702636719e-01
-3.560963571071624756e-01
-9.983518719673156738e-02
-3.762668073177337646e-01
-2.165180444717407227e-01
-4.884915351867675781e-01
-1.518203914165496826e-01
-2.427329570055007935e-01
-1.232243701815605164e-01
-3.612117767333984375e-01
-2.297290563583374023e-01
-3.301529884338378906e-01
-6.659179180860519409e-02
-3.938461840152740479e-01
-2.760362438857555389e-02
-3.904865086078643799e-01
-4.762816131114959717e-01
-1.320127546787261963e-01
-2.996061146259307861e-01
-2.043180167675018311e-01
-3.458590507507324219e-01
-1.070402786135673523e-01
-3.169181942939758301e-01
-5.202301740646362305e-01
-5.653747171163558960e-02
-4.243460297584533691e-01
-9.367613494396209717e-02
-3.290570080280303955e-01
-3.847455084323883057e-01
-2.779161334037780762e-01
-2.136187404394149780e-01
-3.538597226142883301e-01
-3.570906817913055420e-01
-3.858731985092163086e-01
-2.462352663278579712e-01
-5.100047588348388672e-01
-3.141823410987854004e-01
-3.982193768024444580e-01
-2.489104680716991425e-02
-1.238337978720664978e-01
-3.148856461048126221e-01
-1.824567168951034546e-01
-2.240030616521835327e-01
-2.170098423957824707e-01
-2.930977344512939453e-01
-1.884753815829753876e-02
-3.168695792555809021e-02
-4.374293982982635498e-01
-3.497303426265716553e-01
-3.365799486637115479e-01
-1.902543753385543823e-01
-3.568407595157623291e-01
-4.100361466407775879e-01
-4.681672751903533936e-01
-3.720398843288421631e-01
-5.761425569653511047e-02
-4.492926299571990967e-01
-3.765465021133422852e-01
-6.041162088513374329e-02
-2.099849432706832886e-01
-7.154860347509384155e-02
-3.515833616256713867e-01
-2.603899836540222168e-01
-4.144378304481506348e-01
-2.051873058080673218e-01
-1.575595736503601074e-01
-2.996939122676849365e-01
-3.569686710834503174e-01
-1.187016293406486511e-01
-3.121037185192108154e-01
-4.220108985900878906e-01
-1.976690441370010376e-01
-4.334244728088378906e-01
-2.890783548355102539e-01
2.929118089377880096e-02
-2.079993188381195068e-01
-2.122547477483749390e-01
-4.111652374267578125e-01
-1.592571735382080078e-01
-4.247811734676361084e-01
-4.684538543224334717e-01
-4.271604716777801514e-01
-2.940392494201660156e-01
-3.942608833312988281e-01
-3.850992023944854736e-01
-3.042757213115692139e-01
-3.322646617889404297e-01
-9.600598365068435669e-02
-3.966993093490600586e-01
-6.919250823557376862e-03
-4.959013760089874268e-01
-2.079900950193405151e-01
-1.059007495641708374e-01
-3.136732578277587891e-01
-3.407745063304901123e-02
-2.963112890720367432e-01
-1.293547451496124268e-01
-4.363068938255310059e-01
-1.515382081270217896e-01
-2.591600716114044189e-01
-2.967905104160308838e-01
-3.600396215915679932e-01
-2.088208198547363281e-01
-6.486757397651672363e-01
-2.541711032390594482e-01
-3.241620361804962158e-01
-1.126111298799514771e-01
-1.079500541090965271e-01
-3.154861927032470703e-01
-3.636728823184967041e-01
-2.132582217454910278e-01
-3.247963786125183105e-01
-4.786603748798370361e-01
-3.654457330703735352e-01
-2.323626130819320679e-01
-2.239882498979568481e-01
-4.128400087356567383e-01
-2.098600417375564575e-01
-2.921265363693237305e-01
-2.264282405376434326e-01
-2.875142693519592285e-01
-4.378025233745574951e-01
-3.266581296920776367e-01
-2.700323164463043213e-01
-1.485558450222015381e-01
-1.948054432868957520e-01
-2.478091418743133545e-01
-4.359187558293342590e-02
-3.421705365180969238e-01
-1.079111918807029724e-01
-4.173684418201446533e-01
-1.472070068120956421e-01
-3.585473299026489258e-01
-4.233710467815399170e-01
-4.663061797618865967e-01
-3.725580871105194092e-01
-2.049176245927810669e-01
-5.049978494644165039e-01
-2.282752245664596558e-01
-1.738006025552749634e-01
-1.310055702924728394e-02
-4.393242597579956055e-01
-3.314194381237030029e-01
-5.498011112213134766e-01
-5.233031511306762695e-01
-3.142621219158172607e-01
-3.515473902225494385e-01
-2.877212166786193848e-01
-1.992324441671371460e-01
-3.379470407962799072e-01
-2.012799531221389771e-01
-3.680217564105987549e-01
-1.293367743492126465e-01
-6.385738849639892578e-01
-2.637138366699218750e-01
-3.043016493320465088e-01
-3.222707509994506836e-01
-3.106127977371215820e-01
-6.037103012204170227e-02
-3.910781741142272949e-01
-4.112074971199035645e-01
-2.332207262516021729e-01
-4.415081441402435303e-01
-3.340358436107635498e-01
-3.678431212902069092e-01
-3.273357450962066650e-01
-1.955143064260482788e-01
-3.538006544113159180e-01
-3.958036899566650391e-01
-1.010356545448303223e-01
-3.718460202217102051e-01
-1.983014047145843506e-01
-3.601128458976745605e-01
-3.488115668296813965e-01
-3.559460341930389404e-01
-2.639315724372863770e-01
-2.444754540920257568e-01
-3.319926857948303223e-01
-3.316281735897064209e-01
-4.892278611660003662e-01
-4.194595515727996826e-01
-3.207938373088836670e-01
-3.636620938777923584e-01
-2.389821708202362061e-01
-3.670525550842285156e-01
-1.838028728961944580e-01
-4.473446607589721680e-01
-3.399294018745422363e-01
-2.095397859811782837e-01
-1.155990138649940491e-01
-4.903784990310668945e-01
-3.063346743583679199e-01
-2.424542605876922607e-01
-3.861744701862335205e-01
-2.963674366474151611e-01
-4.117637276649475098e-01
-4.331708252429962158e-01
-3.686595857143402100e-01
-2.820276021957397461e-01
-2.207099795341491699e-01
-3.250657320022583008e-01
-2.708968520164489746e-01
-3.828133642673492432e-02
1.320371776819229126e-01
-3.250482976436614990e-01
-1.941810101270675659e-01
-4.767964184284210205e-01
-2.432201802730560303e-01
-2.906452417373657227e-01
-1.417865008115768433e-01
-2.596426606178283691e-01
-2.929072678089141846e-01
-2.499587237834930420e-01
-1.450111865997314453e-01
-3.902845978736877441e-01
-3.246072530746459961e-01
-3.333729207515716553e-01
-2.724671363830566406e-01
-4.572124183177947998e-01
-3.340104222297668457e-01
-2.784137427806854248e-01
-3.648830652236938477e-01
-3.294454216957092285e-01
-4.175499379634857178e-01
-3.553754389286041260e-01
-3.182928264141082764e-02
-1.878279000520706177e-01
-3.214446306228637695e-01
-4.826602339744567871e-01
-3.151243329048156738e-01
-4.964341223239898682e-01
-3.920426964759826660e-01
-3.113875985145568848e-01
-2.993564009666442871e-01
-2.147624343633651733e-01
-3.264093697071075439e-01
-2.660153210163116455e-01
-1.343407034873962402e-01
-6.772492825984954834e-02
-3.592912256717681885e-01
-3.811044394969940186e-01
-4.503105580806732178e-01
-2.307091504335403442e-01
-2.110995501279830933e-01
-1.874497383832931519e-01
-5.009268522262573242e-01
-2.377291768789291382e-01
-1.209274530410766602e-01
-2.250503897666931152e-01
-3.467717468738555908e-01
-3.341040015220642090e-01
-6.169077008962631226e-02
-3.565764427185058594e-01
-3.246576488018035889e-01
-2.622931003570556641e-01
-2.608404755592346191e-01
-2.273902446031570435e-01
-3.680711090564727783e-01
-3.611931800842285156e-01
-4.557266235351562500e-01
-2.483456283807754517e-01
-3.961473107337951660e-01
-3.746984601020812988e-01
-2.091692984104156494e-01
-3.483780026435852051e-01
-4.309780299663543701e-01
-3.019686341285705566e-01
-2.692787051200866699e-01
-4.843342900276184082e-01
-1.308200210332870483e-01
-2.078785300254821777e-01
-4.611945450305938721e-01
-1.519319117069244385e-01
-3.209324479103088379e-01
-2.017008960247039795e-01
-1.426200419664382935e-01
-3.675028979778289795e-01
-3.449248075485229492e-01
-2.769431769847869873e-01
-2.488691210746765137e-01
2.335920929908752441e-02
-2.679985463619232178e-01
-1.608345955610275269e-01
-3.965213298797607422e-01
-4.018265604972839355e-01
-2.308117896318435669e-01
-4.289835989475250244e-01
-2.200668007135391235e-01
-2.528841793537139893e-01
-2.615385949611663818e-01
-2.766661047935485840e-01
-1.935276538133621216e-01
-3.204160928726196289e-01
-3.616879880428314209e-01
-3.555468022823333740e-01
-4.646668434143066406e-01
-3.207385241985321045e-01
-2.858034968376159668e-01
-9.762832522392272949e-02
-1.883107870817184448e-01
-4.475845992565155029e-01
-3.049626350402832031e-01
-1.413318663835525513e-01
-4.421232640743255615e-01
-3.866010904312133789e-01
-3.771604299545288086e-01
-2.262786477804183960e-01
-3.446427583694458008e-01
-2.984272837638854980e-01
-3.580904304981231689e-01
-3.656576946377754211e-02
-3.500780463218688965e-01
-2.843473255634307861e-01
-1.851570010185241699e-01
-2.754089534282684326e-01
-1.144265532493591309e-01
-2.890647351741790771e-01
-2.276898175477981567e-02
-5.328865051269531250e-01
-2.908592224121093750e-01
-2.547135949134826660e-01
-4.142295420169830322e-01
-2.485882937908172607e-01
-3.016575574874877930e-01
-3.904951810836791992e-01
-3.374934494495391846e-01
-5.382825136184692383e-01
-4.451533555984497070e-01
-1.879199296236038208e-01
-4.755600690841674805e-01
-4.198430180549621582e-01
-2.519297003746032715e-01
-4.006527960300445557e-01
-2.759975492954254150e-01
-3.289177715778350830e-01
-2.440581470727920532e-01
-2.840607464313507080e-01
-2.753232717514038086e-01
-3.076856434345245361e-01
-1.245001181960105896e-01
-3.793410062789916992e-01
-1.712622344493865967e-01
-6.433954834938049316e-02
-2.456628531217575073e-01
-3.711172342300415039e-01
-2.748863399028778076e-01
-3.664816915988922119e-01
-4.503350853919982910e-01
-4.707843363285064697e-01
-2.338292896747589111e-01
-4.225932359695434570e-01
-3.842732012271881104e-01
-3.018015027046203613e-01
-2.316799014806747437e-01
-3.775036633014678955e-01
-1.424763202667236328e-01
-4.025076627731323242e-01
-3.424792587757110596e-01
-2.928857207298278809e-01
-2.303994745016098022e-01
-2.298182547092437744e-01
-1.469704955816268921e-01
-2.008859366178512573e-01
-2.248919457197189331e-01
-3.150300085544586182e-01
-3.374734818935394287e-01
-2.810304164886474609e-01
-3.304496407508850098e-01
-1.597816795110702515e-01
-2.516477108001708984e-01
-1.726775318384170532e-01
-5.218806266784667969e-01
-8.268181234598159790e-02
-2.071531414985656738e-01
-8.317279815673828125e-02
-2.648654282093048096e-01
-1.626471281051635742e-01
-3.035354614257812500e-01
-3.750434815883636475e-01
-4.239912331104278564e-01
-4.095221459865570068e-01
-3.400457799434661865e-01
-3.794187009334564209e-01
-3.758747577667236328e-01
-3.359684944152832031e-01
-2.590723931789398193e-01
-4.127111434936523438e-01
-2.855310738086700439e-01
-7.611785829067230225e-02
-1.949935704469680786e-01
-3.670116364955902100e-01
-5.542983412742614746e-01
-8.088255673646926880e-02
-3.142598271369934082e-01
-1.170275285840034485e-01
-4.406873583793640137e-01
-3.768192529678344727e-01
-1.631437987089157104e-01
-4.342099726200103760e-01
-1.555669158697128296e-01
-2.476620525121688843e-01
-4.490754008293151855e-02
-3.665415048599243164e-01
-1.033352762460708618e-01
-3.267703950405120850e-01
-2.773621976375579834e-01
-1.470886617898941040e-01
-1.872364580631256104e-01
-4.575518667697906494e-01
-2.713474929332733154e-01
-4.366787374019622803e-01
-1.964799016714096069e-01
-3.462467491626739502e-01
-3.547581136226654053e-01
-2.939264178276062012e-01
-3.535718321800231934e-01
-1.713390797376632690e-01
-3.737245202064514160e-01
-2.715165317058563232e-01
-3.585082292556762695e-01
-6.560056805610656738e-01
-2.218799144029617310e-01
-3.489567041397094727e-01
-2.646273672580718994e-01
-4.819912016391754150e-01
-3.287551105022430420e-01
-1.841134950518608093e-02
-3.663504123687744141e-01
-4.437361955642700195e-01
-1.532096117734909058e-01
-2.154968231916427612e-01
-1.933713704347610474e-01
-2.169331461191177368e-01
-3.246048092842102051e-01
-4.158602356910705566e-01
-2.780160307884216309e-01
-4.139378368854522705e-01
-4.954516589641571045e-01
-4.071894288063049316e-01
-3.003579080104827881e-01
-3.340385258197784424e-01
-3.111517727375030518e-01
-2.527253627777099609e-01
-2.096890658140182495e-01
-8.535467833280563354e-02
-2.316726893186569214e-01
-1.286874264478683472e-01
-4.053075909614562988e-01
-3.991740942001342773e-01
-3.841503858566284180e-01
-1.308971047401428223e-01
-4.234282076358795166e-01
-1.842930763959884644e-01
-3.337485790252685547e-01
-3.715989589691162109e-01
-3.788607716560363770e-01
-3.878970816731452942e-02
-9.096049517393112183e-02
-1.251107305288314819e-01
-3.286798894405364990e-01
-2.878313660621643066e-01
-3.874894082546234131e-01
-1.619921028614044189e-01
-3.002353012561798096e-01
-3.001194298267364502e-01
-3.585295677185058594e-01
-2.363505363464355469e-01
-7.515855133533477783e-02
-5.028359889984130859e-01
-3.573513031005859375e-01
-3.040806353092193604e-01
-4.644730687141418457e-01
-1.668154448270797729e-01
-5.081293582916259766e-01
-3.019362986087799072e-01
-3.161357045173645020e-01
-4.181624650955200195e-01
-2.555595710873603821e-02
-3.979133963584899902e-01
-1.418816596269607544e-01
-3.555293679237365723e-01
-3.568509519100189209e-01
-2.017928957939147949e-01
2.361725550144910812e-03
-3.537397980690002441e-01
-2.907151877880096436e-01
-2.885947525501251221e-01
-3.839495480060577393e-01
-2.358915954828262329e-01
-2.296599745750427246e-01
-1.707509607076644897e-01
-3.534047305583953857e-01
-4.893579483032226562e-01
-1.363115012645721436e-01
-1.639359742403030396e-01
-2.119594067335128784e-01
-2.238122373819351196e-01
-4.098527729511260986e-01
-3.771585226058959961e-01
-3.617879450321197510e-01
-2.694496810436248779e-01
-2.908393740653991699e-01
-2.290989160537719727e-01
-3.553897738456726074e-01
-3.263878226280212402e-01
-2.496567815542221069e-01
-2.652328908443450928e-01
-2.027719616889953613e-01
-6.507755517959594727e-01
-2.959110736846923828e-01
-3.801184296607971191e-01
-3.811627030372619629e-01
-3.419407606124877930e-01
-3.085592687129974365e-01
-3.227388858795166016e-01
-1.797360628843307495e-01
-2.162868380546569824e-01
-4.574134051799774170e-01
-6.572271883487701416e-02
-2.256856411695480347e-01
-3.672920465469360352e-01
-1.586903780698776245e-01
-1.886729001998901367e-01
-2.851414680480957031e-01
-3.328831791877746582e-01
-2.503644526004791260e-01
-3.535631895065307617e-01
-2.620528042316436768e-01
-1.625063866376876831e-01
-4.505956768989562988e-01
-1.786304861307144165e-01
-2.398879528045654297e-01
-4.940096139907836914e-01
-4.330138862133026123e-01
-2.583473324775695801e-01
-1.677645742893218994e-01
-2.144693136215209961e-01
-4.145549535751342773e-01
-3.460586071014404297e-01
-2.076614201068878174e-01
-2.656033933162689209e-01
-3.117875158786773682e-01
-1.660164743661880493e-01
-1.877361983060836792e-01
-2.430556416511535645e-01
-4.103295505046844482e-01
-2.930646240711212158e-01
-2.221520990133285522e-01
-1.856147944927215576e-01
-4.467860758304595947e-01
-4.891584068536758423e-02
-2.240486443042755127e-01
7.643800228834152222e-02
-4.674760401248931885e-01
-2.317603975534439087e-01
-4.019369482994079590e-01
-2.656722366809844971e-01
-2.159056514501571655e-01
-3.644182384014129639e-01
-1.952948570251464844e-01
-3.989489674568176270e-01
-1.738949567079544067e-01
-3.063174188137054443e-01
-3.916750848293304443e-01
-3.911328017711639404e-01
-5.436044335365295410e-01
-3.176597058773040771e-01
-1.995885372161865234e-01
-2.762751281261444092e-01
-1.297011077404022217e-01
-5.052800774574279785e-01
-2.552461326122283936e-01
-3.270941376686096191e-01
-3.613287210464477539e-01
-4.018649756908416748e-01
-4.929012656211853027e-01
-3.030859827995300293e-01
-1.882050782442092896e-01
-2.466626167297363281e-01
-1.173699349164962769e-01
-2.863228619098663330e-01
-1.675708591938018799e-01
-2.003382891416549683e-01
-2.845037877559661865e-01
-1.740649901330471039e-02
-3.258887827396392822e-01
-4.075009822845458984e-01
-3.062907755374908447e-01
-4.929824173450469971e-01
-2.077719569206237793e-01
-2.886262238025665283e-01
-6.169662252068519592e-02
-4.362214207649230957e-01
-3.926676511764526367e-01
-4.951599836349487305e-01
-1.430689692497253418e-01
-2.570727765560150146e-01
-6.892772763967514038e-02
-4.160102903842926025e-01
-1.747679710388183594e-01
-1.364153474569320679e-01
-1.616710722446441650e-01
-3.074663579463958740e-01
-2.764113545417785645e-01
-3.551686108112335205e-01
-3.466969728469848633e-01
-2.933101058006286621e-01
-3.132290542125701904e-01
-2.125881463289260864e-01
-1.837811022996902466e-01
-2.378357648849487305e-01
-3.781780004501342773e-01
-2.753316760063171387e-01
-3.467966914176940918e-01
-2.656235992908477783e-01
-3.548671901226043701e-01
-3.505099713802337646e-01
-3.280138373374938965e-01
-3.805168271064758301e-01
-2.312005460262298584e-01
-2.558035254478454590e-01
-4.507665634155273438e-01
-3.773481547832489014e-01
-2.744868211448192596e-02
-4.123766124248504639e-01
-2.936408519744873047e-01
-2.219129055738449097e-01
-3.690902292728424072e-01
-3.222869038581848145e-01
-3.378575742244720459e-01
-2.920952737331390381e-01
-4.228190481662750244e-01
-2.093662023544311523e-01
-2.465108782052993774e-01
-3.238550126552581787e-01
-1.990793198347091675e-01
-4.168205261230468750e-01
-8.395086228847503662e-02
-1.632031649351119995e-01
-2.819442749023437500e-01
-3.204868137836456299e-01
-1.882685273885726929e-01
-1.487133353948593140e-01
-2.759851515293121338e-01
-1.894787102937698364e-01
-1.560530364513397217e-01
-3.333769142627716064e-01
3.526639891788363457e-03
-2.964763343334197998e-01
-2.667323350906372070e-01
-3.355870395898818970e-02
-3.091143630445003510e-02
-3.277963995933532715e-01
-1.198704540729522705e-01
-2.831929922103881836e-01
-3.000234663486480713e-01
-2.398298680782318115e-01
-2.405699193477630615e-01
-4.184405207633972168e-01
-6.283301860094070435e-02
4.670139774680137634e-02
-2.415412068367004395e-01
-1.006314456462860107e-01
-3.450555503368377686e-01
-3.631671965122222900e-01
-2.525811493396759033e-01
-4.745646119117736816e-01
-2.775545716285705566e-01
-1.320270746946334839e-01
5.389356240630149841e-02
-2.676619291305541992e-01
-3.044281005859375000e-01
-1.277200430631637573e-01
-2.831441760063171387e-01
-3.034557029604911804e-02
-3.011558055877685547e-01
-2.382362782955169678e-01
-4.204285442829132080e-01
-3.121587038040161133e-01
-2.618062496185302734e-01
-4.915898442268371582e-01
-3.480023443698883057e-01
-3.092802762985229492e-01
-2.471744120121002197e-01
-4.025339782238006592e-01
-2.150188535451889038e-01
-2.894749939441680908e-01
-1.779155284166336060e-01
-1.556900143623352051e-01
-3.624171316623687744e-01
-2.254954576492309570e-01
-3.505318164825439453e-01
-1.991882622241973877e-01
-2.138135582208633423e-01
-4.819655418395996094e-01
-1.487531810998916626e-01
-4.665129780769348145e-01
-9.501203894615173340e-02
-3.924599885940551758e-01
-2.456802278757095337e-01
-3.932670950889587402e-01
-8.280027657747268677e-02
-4.267999231815338135e-01
-1.790590137243270874e-01
-3.459948599338531494e-01
-2.529448270797729492e-01
-2.859243750572204590e-01
-3.177081644535064697e-01
-4.262142479419708252e-01
-5.144042372703552246e-01
-4.064469635486602783e-01
-1.601396799087524414e-01
-3.718080818653106689e-01
-1.249769851565361023e-01
-1.193931028246879578e-01
-2.411348968744277954e-01
-2.791667580604553223e-01
-2.189282327890396118e-01
-3.999161422252655029e-01
-3.857782483100891113e-01
-4.221530556678771973e-01
-3.303890228271484375e-01
-6.673028320074081421e-02
-3.043605089187622070e-01
-2.390582859516143799e-01
-2.176206856966018677e-01
-3.237273991107940674e-01
-2.734862267971038818e-01
-3.533690571784973145e-01
-2.595182061195373535e-01
-1.390104591846466064e-01
-3.650276660919189453e-01
-2.723354995250701904e-01
-4.614907875657081604e-02
-4.427843987941741943e-01
-3.133537769317626953e-01
-1.817846596240997314e-01
-3.308578133583068848e-01
-2.210678905248641968e-01
-6.902554631233215332e-02
-5.072995424270629883e-01
-8.107028901576995850e-02
-4.119570553302764893e-01
-1.512752920389175415e-01
-1.999321281909942627e-01
-1.656089127063751221e-01
-1.589704751968383789e-01
-1.287070065736770630e-01
-4.538518488407135010e-01
-3.378039300441741943e-01
-2.749485373497009277e-01
-2.022821754217147827e-01
-2.468683272600173950e-01
-3.273593187332153320e-01
-4.006323814392089844e-01
-4.631845653057098389e-01
-5.901433899998664856e-02
-3.626387119293212891e-01
-2.628532350063323975e-01
-2.205182760953903198e-01
-3.732438087463378906e-01
-4.283280074596405029e-01
-2.692392766475677490e-01
-2.479767054319381714e-01
-2.942727804183959961e-01
-4.000922143459320068e-01
-2.318316847085952759e-01
-3.303724229335784912e-01
-3.334500491619110107e-01
-4.260007739067077637e-01
-3.411371707916259766e-01
-4.925530850887298584e-01
-9.969510138034820557e-02
-2.818663418292999268e-01
-1.379296630620956421e-01
-1.532203853130340576e-01
-1.647946685552597046e-01
-1.752235889434814453e-01
-2.971995472908020020e-01
-3.022609353065490723e-01
-5.464818477630615234e-01
-3.666696250438690186e-01
-4.914975166320800781e-01
-5.538110733032226562e-01
-2.922222912311553955e-01
-2.063874751329421997e-01
-2.220999896526336670e-01
-2.479968219995498657e-01
-5.546621978282928467e-02
-4.192846417427062988e-01
-1.833995729684829712e-01
-2.781431674957275391e-01
-4.105474948883056641e-01
-3.110024929046630859e-01
-6.320019811391830444e-02
-2.171853929758071899e-01
-2.948196530342102051e-01
-3.871609866619110107e-01
-2.801098823547363281e-01
-2.715878784656524658e-01
