2.217575907707214355e-02
-5.393297411501407623e-03
2.821967378258705139e-02
4.364584013819694519e-02
3.098110482096672058e-02
-3.930464759469032288e-02
3.771426156163215637e-02
3.295641764998435974e-02
2.517364360392093658e-02
2.385494299232959747e-02
3.029783256351947784e-02
3.907393291592597961e-02
5.033234879374504089e-02
7.573390752077102661e-02
-4.960136440489162415e-21
3.825174644589424133e-02
5.293528363108634949e-02
2.554139681160449982e-02
3.285055607557296753e-02
4.592433571815490723e-02
4.655290395021438599e-02
3.421311825513839722e-02
6.941509991884231567e-02
6.715737283229827881e-02
5.667163431644439697e-02
-1.264072488993406296e-03
6.862735003232955933e-02
2.364530228078365326e-02
5.617672204971313477e-02
7.853113859891891479e-02
4.269965365529060364e-02
5.722773447632789612e-02
5.650565028190612793e-02
2.665816619992256165e-02
6.627050787210464478e-02
2.703124098479747772e-02
-1.772391566845499256e-09
6.575780361890792847e-02
-5.009575196210586459e-15
4.135075956583023071e-02
2.711221389472484589e-02
3.460035473108291626e-02
6.103750690817832947e-02
2.671264670789241791e-02
6.459489464759826660e-02
8.191896975040435791e-02
2.530656009912490845e-02
5.870290473103523254e-02
6.684752553701400757e-02
3.300676494836807251e-02
-6.595576542605188775e-14
4.233338683843612671e-02
3.888772428035736084e-02
3.743707388639450073e-02
2.106817811727523804e-02
6.511450558900833130e-02
3.634257614612579346e-02
3.549475967884063721e-02
-1.083548845204429592e-21
7.716226577758789062e-02
6.461642682552337646e-02
5.622851476073265076e-02
2.536213956773281097e-02
5.999765172600746155e-02
