-2.578813433647155762e-01
-6.830731630325317383e-01
-4.781250059604644775e-01
-7.301951050758361816e-01
-6.052380800247192383e-01
-5.828301310539245605e-01
-8.355268836021423340e-01
-6.161040067672729492e-01
-7.979875802993774414e-01
-7.103004455566406250e-01
-6.842606663703918457e-01
-5.838908553123474121e-01
-4.901390373706817627e-01
-6.986724734306335449e-01
-5.355578064918518066e-01
-4.281839728355407715e-01
-5.881220102310180664e-01
-5.959817171096801758e-01
-5.564483404159545898e-01
-2.993735969066619873e-01
-4.485283493995666504e-01
-8.431876897811889648e-01
-7.084937691688537598e-01
-7.466303110122680664e-01
-6.928492784500122070e-01
-7.258403897285461426e-01
-5.572457909584045410e-01
4.676876589655876160e-02
-8.172781020402908325e-02
-7.708992958068847656e-01
-6.148998141288757324e-01
-5.703075528144836426e-01
1.213884651660919189e-01
-7.118153572082519531e-01
-1.620638668537139893e-01
-6.141965389251708984e-01
-7.454119920730590820e-01
-6.546108126640319824e-01
-6.576841473579406738e-01
-6.190872192382812500e-01
-7.883011102676391602e-01
-5.601090192794799805e-01
-6.860730648040771484e-01
-6.529577970504760742e-01
-2.817872464656829834e-01
-6.583411097526550293e-01
-8.728941082954406738e-01
-7.479887604713439941e-01
-3.093487024307250977e-01
-6.647931337356567383e-01
-9.365705251693725586e-01
-3.414259552955627441e-01
-5.134874582290649414e-01
-5.889715552330017090e-01
-3.948403596878051758e-01
-6.442233324050903320e-01
-4.974199533462524414e-01
-7.354951500892639160e-01
-4.203738570213317871e-01
-6.002506613731384277e-01
-8.280887603759765625e-01
-3.351989388465881348e-01
-5.975861549377441406e-01
-1.451714485883712769e-01
-5.974649786949157715e-01
-6.269016265869140625e-01
-6.710373759269714355e-01
-5.966082811355590820e-01
-1.012070402503013611e-01
-5.212423205375671387e-01
-5.966079235076904297e-02
-7.868372201919555664e-01
-6.375626325607299805e-01
-8.129281401634216309e-01
-7.739654183387756348e-01
-6.369380354881286621e-01
-6.589052677154541016e-01
-5.985621809959411621e-01
-6.922953724861145020e-01
-7.505280375480651855e-01
-6.134999990463256836e-01
-8.708265423774719238e-01
-6.473501920700073242e-01
-8.714865148067474365e-02
-6.510728001594543457e-01
-5.534111261367797852e-01
-8.718959689140319824e-01
-6.112943291664123535e-01
-1.553860306739807129e-01
-7.928060889244079590e-01
-5.689401626586914062e-01
-7.135756611824035645e-01
-1.651416122913360596e-01
-5.938960909843444824e-01
-7.313082814216613770e-01
-6.517605781555175781e-01
-3.485918939113616943e-01
-4.964411556720733643e-01
-5.593632459640502930e-01
-6.183083057403564453e-01
-8.388358950614929199e-01
-4.147112667560577393e-01
-2.562635242938995361e-01
-4.190839827060699463e-01
-1.000889778137207031e+00
-5.994524955749511719e-01
-4.267233014106750488e-01
-6.469693183898925781e-01
-3.134119808673858643e-01
-7.537830471992492676e-01
-7.214975953102111816e-01
-6.057896614074707031e-01
-7.299706935882568359e-01
-1.920426040887832642e-01
-6.916207075119018555e-01
-6.921994090080261230e-01
-7.509520053863525391e-01
-4.309058785438537598e-01
-8.714734911918640137e-01
-3.185930252075195312e-01
-5.095257759094238281e-01
-6.800213456153869629e-01
-2.902379333972930908e-01
-7.282708883285522461e-01
-8.519676327705383301e-01
-8.464297056198120117e-01
-4.669850468635559082e-01
-6.816027164459228516e-01
-8.988736867904663086e-01
-5.993600487709045410e-01
-7.227036356925964355e-01
-6.074410080909729004e-01
-6.056149005889892578e-01
-6.491685509681701660e-01
-6.963277459144592285e-01
-6.844120621681213379e-01
-6.307869553565979004e-01
-7.825065255165100098e-01
-1.310303658246994019e-01
-7.718853354454040527e-01
-9.215387105941772461e-01
-1.392777562141418457e-01
-5.654723644256591797e-01
-4.406552910804748535e-01
-5.666769146919250488e-01
-5.792882442474365234e-01
-5.548727512359619141e-01
-4.564696252346038818e-01
-7.990524172782897949e-01
-4.722415208816528320e-01
-7.262833714485168457e-01
-7.467363476753234863e-01
-8.309184312820434570e-01
-6.646357178688049316e-01
-5.989597439765930176e-01
-5.152860879898071289e-01
-7.585748434066772461e-01
-6.875779032707214355e-01
-8.087295293807983398e-01
-5.202780365943908691e-01
-4.267787635326385498e-01
-6.453146934509277344e-01
-5.379711985588073730e-01
-7.251523733139038086e-01
-7.548788189888000488e-01
-4.915142357349395752e-01
-7.939277291297912598e-01
-6.870123744010925293e-01
-7.897693514823913574e-01
-3.528863787651062012e-01
-4.362105131149291992e-01
-5.965657830238342285e-01
-7.592265009880065918e-01
-6.850999593734741211e-01
-6.388066411018371582e-01
-6.806609034538269043e-01
-1.920831799507141113e-01
-6.884142756462097168e-01
-7.125548720359802246e-01
-3.256489932537078857e-01
-8.269605040550231934e-01
-9.233170151710510254e-01
-6.321083903312683105e-01
-3.574448227882385254e-01
-7.595887184143066406e-01
-7.284812927246093750e-01
-6.917809247970581055e-01
-6.257745623588562012e-01
-4.704813957214355469e-01
-6.462122201919555664e-01
-7.742651700973510742e-01
-1.249556317925453186e-01
-7.940445542335510254e-01
-6.480184793472290039e-01
-7.004493474960327148e-01
-1.420689523220062256e-01
-6.130783557891845703e-01
-7.314125299453735352e-01
-3.597566485404968262e-01
-6.927399039268493652e-01
-1.295777708292007446e-01
-4.683130979537963867e-01
-8.663736581802368164e-01
-2.476662993431091309e-01
-4.971198737621307373e-01
-5.828216671943664551e-01
2.300992310047149658e-01
-5.177249908447265625e-01
-5.940365791320800781e-01
-5.323709845542907715e-01
-5.676262378692626953e-01
-6.800333857536315918e-01
-7.157407999038696289e-01
-7.551501393318176270e-01
-3.822516798973083496e-01
-7.793140411376953125e-01
-4.328927695751190186e-01
-4.577789902687072754e-01
-6.647576689720153809e-01
-1.015800237655639648e-01
-7.546374797821044922e-01
-5.126301646232604980e-01
-5.303664207458496094e-01
-4.492348134517669678e-01
-5.119779109954833984e-01
-6.485526561737060547e-01
-1.067718714475631714e-01
-7.245033979415893555e-01
-5.813536047935485840e-01
-7.971956133842468262e-01
-8.213424086570739746e-01
-6.493033766746520996e-01
-7.219417691230773926e-01
-8.172121047973632812e-01
-6.978401541709899902e-01
-6.554661393165588379e-01
-5.063688755035400391e-01
-4.947654902935028076e-01
-7.534000277519226074e-01
-4.848579764366149902e-01
-6.425599455833435059e-01
-6.034622192382812500e-01
-8.328062295913696289e-01
-8.991544246673583984e-01
-7.332728505134582520e-01
-6.965617537498474121e-01
-5.363774895668029785e-01
-6.233835220336914062e-01
-6.318112015724182129e-01
-7.062620520591735840e-01
-7.247417569160461426e-01
-7.299714088439941406e-01
-6.729594469070434570e-01
-6.743967533111572266e-01
-5.451575517654418945e-01
-6.876019835472106934e-01
-3.056698143482208252e-01
-6.344673037528991699e-01
-5.835130214691162109e-01
-3.812774717807769775e-01
-4.278117418289184570e-01
-7.189127206802368164e-01
-4.829521179199218750e-01
-2.660571932792663574e-01
-7.189089059829711914e-01
-6.390159726142883301e-01
-1.002376750111579895e-01
-6.867688298225402832e-01
-5.668101906776428223e-01
-5.502857565879821777e-01
-5.813750028610229492e-01
-7.900448143482208252e-02
-7.706447690725326538e-02
-6.257421374320983887e-01
-2.705127894878387451e-01
-3.832950294017791748e-01
-7.846233248710632324e-02
-6.553897261619567871e-02
-6.125838756561279297e-01
-5.301202535629272461e-01
-3.886393010616302490e-01
-7.275297045707702637e-01
-6.610257029533386230e-01
-7.025266289710998535e-01
-7.013993859291076660e-01
-5.830245614051818848e-01
-6.869488954544067383e-01
-6.485051512718200684e-01
-7.754808068275451660e-01
-6.746150851249694824e-01
-1.721908897161483765e-01
-7.061152458190917969e-01
-6.119019389152526855e-01
-4.889447391033172607e-01
-6.147044301033020020e-01
-5.418835878372192383e-01
-7.508504986763000488e-01
-7.680963873863220215e-01
-7.831984162330627441e-01
-7.855948805809020996e-01
-7.722433805465698242e-01
-7.564343214035034180e-01
-1.031603962182998657e-01
-6.143957749009132385e-02
-4.778047800064086914e-01
-5.957233905792236328e-01
-1.523968130350112915e-01
1.154536008834838867e-02
-8.686825633049011230e-01
-4.617498815059661865e-01
-4.116273820400238037e-01
-9.079398512840270996e-01
-6.567431092262268066e-01
-7.210970520973205566e-01
-6.975458860397338867e-01
-1.301348954439163208e-01
-1.628488004207611084e-01
-6.652991771697998047e-01
-5.502430200576782227e-01
-9.059707522392272949e-01
-3.479210436344146729e-01
-6.240394711494445801e-02
-5.360500812530517578e-01
-6.026377677917480469e-01
-6.383466720581054688e-01
-7.312088012695312500e-01
-6.782361268997192383e-01
-1.347226202487945557e-01
-6.492816805839538574e-01
-5.560218095779418945e-01
-3.755539357662200928e-01
-7.482580542564392090e-01
-7.061563730239868164e-01
-9.288028478622436523e-01
-6.993904709815979004e-01
-7.281047105789184570e-01
-6.334080100059509277e-01
-2.624262869358062744e-01
-2.864877879619598389e-01
-4.777607619762420654e-01
-7.856211662292480469e-01
-5.052089691162109375e-01
-6.850779056549072266e-01
-6.823087334632873535e-01
-4.510621130466461182e-01
-6.425060629844665527e-01
-1.443551331758499146e-01
-5.731856822967529297e-01
-6.014692783355712891e-01
-7.730613946914672852e-01
-6.916801929473876953e-01
-2.491490393877029419e-01
-4.490639567375183105e-01
-7.179270386695861816e-01
-7.332999110221862793e-01
-4.993461370468139648e-01
-7.405468225479125977e-01
-6.427981853485107422e-01
-3.910745978355407715e-01
-6.106374859809875488e-01
-5.228921175003051758e-01
-7.549138665199279785e-01
-8.046504259109497070e-01
-7.496725320816040039e-01
-7.392534613609313965e-01
-8.064077496528625488e-01
-8.155739903450012207e-01
-6.582354903221130371e-01
-6.131203174591064453e-01
-5.904583334922790527e-01
-5.983970165252685547e-01
-5.251837968826293945e-01
-7.327329516410827637e-01
-7.543649673461914062e-01
-7.847433090209960938e-01
-6.901571750640869141e-01
-7.309557199478149414e-01
-7.537976503372192383e-01
-3.640770614147186279e-01
-6.512119770050048828e-01
-7.400194406509399414e-01
-1.238490641117095947e-01
-5.760065317153930664e-01
-4.243814349174499512e-01
-7.767755985260009766e-01
-7.582902312278747559e-01
-6.520152091979980469e-01
-6.559823751449584961e-01
-6.352894306182861328e-01
-5.707655549049377441e-01
-6.129447817802429199e-01
-5.497718453407287598e-01
-7.066285014152526855e-01
-7.375341057777404785e-01
-7.457457780838012695e-01
-4.050876796245574951e-01
-5.108949542045593262e-01
-6.901678442955017090e-01
-7.592193484306335449e-01
-9.830128550529479980e-01
-4.974052906036376953e-01
-6.167621612548828125e-01
-5.539037585258483887e-01
-6.920307874679565430e-01
-6.499748826026916504e-01
-7.669943571090698242e-01
-4.270018041133880615e-01
-6.566727757453918457e-01
-6.231591105461120605e-01
-6.417606472969055176e-01
-6.361735463142395020e-01
-5.453578233718872070e-01
-1.950282603502273560e-01
-6.085358858108520508e-01
-6.496872305870056152e-01
-4.876129925251007080e-01
-6.888881921768188477e-01
-6.388995051383972168e-01
-7.322853207588195801e-01
-6.937118768692016602e-01
-5.454206466674804688e-01
-8.040498495101928711e-01
-6.957945823669433594e-01
-4.752643406391143799e-01
-7.676352858543395996e-01
-6.839388608932495117e-01
-5.762010216712951660e-01
-3.565803170204162598e-01
-6.796968579292297363e-01
-2.174763083457946777e-01
-7.564979791641235352e-01
-6.610679626464843750e-01
-7.142884135246276855e-01
-8.167469501495361328e-01
-7.509669065475463867e-01
-5.385016798973083496e-01
-7.448621392250061035e-01
-2.622393071651458740e-01
-6.827734112739562988e-01
-4.930406808853149414e-01
-8.510949611663818359e-01
-6.418378949165344238e-01
-7.291955351829528809e-01
-7.471053600311279297e-01
-7.061269879341125488e-01
-9.793388843536376953e-01
-6.578330993652343750e-01
-5.801222324371337891e-01
-6.420632600784301758e-01
-5.794183611869812012e-01
-6.458118557929992676e-01
-7.162079215049743652e-01
-7.674911618232727051e-01
-3.978553712368011475e-01
-7.027381658554077148e-01
-5.119102597236633301e-01
-8.915410041809082031e-01
-6.526603698730468750e-01
-5.071107149124145508e-01
-6.589778065681457520e-01
-2.633361220359802246e-01
-7.213542610406875610e-02
-5.809063911437988281e-01
-6.874320507049560547e-01
8.288932964205741882e-03
-5.319840908050537109e-01
-7.607354521751403809e-01
-6.830071806907653809e-01
-5.142537355422973633e-01
-4.112128019332885742e-01
-6.535735130310058594e-01
-4.434769749641418457e-01
-5.527741312980651855e-01
-5.927934646606445312e-01
-7.490882277488708496e-01
-1.249070838093757629e-01
-5.059818625450134277e-01
-8.117893934249877930e-01
-1.360195875167846680e-01
-5.524875521659851074e-01
-7.906183004379272461e-01
-6.164605021476745605e-01
-5.604535341262817383e-01
-6.930401921272277832e-01
-8.140160441398620605e-01
-4.110649228096008301e-01
-4.263602495193481445e-01
-5.770257711410522461e-01
-4.896387755870819092e-01
-7.149018645286560059e-01
-7.866333127021789551e-01
-6.512669324874877930e-01
-7.553292512893676758e-01
-7.178149819374084473e-01
-4.599279165267944336e-01
-6.804113984107971191e-01
-5.144974589347839355e-01
-1.111600548028945923e-01
-4.089621603488922119e-01
-8.056784272193908691e-01
-7.049303054809570312e-01
-3.897959291934967041e-01
-9.348427057266235352e-01
-6.204852461814880371e-01
-7.139426469802856445e-01
-2.746338844299316406e-01
-9.274252653121948242e-01
-7.909080386161804199e-01
-6.537531018257141113e-01
-5.926380753517150879e-01
-6.566584706306457520e-01
-7.915946245193481445e-01
-7.483112812042236328e-01
-5.745196342468261719e-01
-8.701513409614562988e-01
-4.895917773246765137e-01
-6.377381682395935059e-01
-5.152214169502258301e-01
-4.899211525917053223e-01
-9.019335508346557617e-01
-7.055947780609130859e-01
-5.081764459609985352e-01
-4.968626499176025391e-01
-6.231681704521179199e-01
-4.442125558853149414e-01
-6.424614787101745605e-01
-2.521860599517822266e-01
-5.295004248619079590e-01
-6.439843773841857910e-01
-7.170344591140747070e-01
-6.523825526237487793e-01
-2.310521751642227173e-01
-4.160785377025604248e-01
-6.545597314834594727e-01
-8.946878910064697266e-01
-8.439357280731201172e-01
-6.365849971771240234e-01
-7.450397014617919922e-01
-7.000956535339355469e-01
-5.144525170326232910e-01
-7.112632393836975098e-01
-7.669456601142883301e-01
-4.728806614875793457e-01
-5.554258823394775391e-01
-7.046497464179992676e-01
-7.560330033302307129e-01
-6.933132410049438477e-01
-5.597942471504211426e-01
-7.350610494613647461e-01
-9.131268858909606934e-01
-5.021002888679504395e-01
-6.927131414413452148e-01
-7.673314809799194336e-01
-6.331031918525695801e-01
-7.669000029563903809e-01
-5.904055237770080566e-01
-8.875818252563476562e-01
-7.492384314537048340e-02
-8.567029237747192383e-01
-5.426409840583801270e-01
-2.723887264728546143e-01
-2.291873693466186523e-01
-4.430389106273651123e-01
-5.636426210403442383e-01
-4.046097695827484131e-01
-6.991366147994995117e-01
-5.024285912513732910e-01
-4.722410440444946289e-01
-4.568951725959777832e-01
-6.652858853340148926e-01
-8.549870252609252930e-01
-8.373538255691528320e-01
-9.107567071914672852e-01
-5.854293704032897949e-01
-6.781057119369506836e-01
-7.342790365219116211e-01
-4.550748169422149658e-01
-5.865735411643981934e-01
-7.221153378486633301e-01
-6.520322561264038086e-01
-7.188345193862915039e-01
-6.253725290298461914e-01
-6.472775936126708984e-01
-8.028227090835571289e-01
-3.076169788837432861e-01
-5.812769532203674316e-01
-5.429261326789855957e-01
-4.379894137382507324e-01
-8.000481724739074707e-01
-5.780969858169555664e-01
-7.406876087188720703e-01
-7.868762016296386719e-01
-8.099164366722106934e-01
-1.846018433570861816e-01
-6.735606789588928223e-01
-7.267100214958190918e-01
-6.097314357757568359e-01
-6.145851016044616699e-01
-6.647847294807434082e-01
-6.656507849693298340e-01
-6.271961331367492676e-01
-6.108666658401489258e-01
-5.793749094009399414e-01
-5.708310604095458984e-01
-8.746033906936645508e-02
-6.185234785079956055e-01
-6.594254970550537109e-01
-7.929532527923583984e-01
-6.998633742332458496e-01
-6.786145567893981934e-01
-5.918163061141967773e-01
-3.398293554782867432e-01
-5.452006459236145020e-01
-5.119844079017639160e-01
-7.025786042213439941e-01
-6.097130179405212402e-01
-7.792567014694213867e-01
-5.628983974456787109e-01
-3.848482370376586914e-01
-5.818765163421630859e-01
-7.325713038444519043e-01
-5.191053748130798340e-01
-6.935436129570007324e-01
-7.653077840805053711e-01
-7.586794495582580566e-01
8.985256403684616089e-02
-4.871032536029815674e-01
-5.437818169593811035e-01
-1.869902461767196655e-01
-5.136832594871520996e-01
-6.368818283081054688e-01
-5.401763916015625000e-01
-7.256972789764404297e-01
-8.986684679985046387e-01
-6.356390118598937988e-01
-5.876120328903198242e-01
-5.741710662841796875e-01
-5.209061503410339355e-01
-6.414799690246582031e-01
-6.704831123352050781e-01
-7.019222974777221680e-01
-8.664239645004272461e-01
-7.728776335716247559e-01
-5.881376266479492188e-01
-6.570842266082763672e-01
-4.477233588695526123e-01
-9.329392910003662109e-01
-6.540889739990234375e-01
-5.960065126419067383e-01
-6.541002988815307617e-01
-7.483406662940979004e-01
-1.574570685625076294e-01
-6.585547924041748047e-01
-6.336587071418762207e-01
-6.726035475730895996e-01
-6.486780047416687012e-01
-6.226126551628112793e-01
-7.720398902893066406e-01
-6.778289079666137695e-01
-7.142025828361511230e-01
-6.281735301017761230e-01
-6.872770190238952637e-01
-5.983090996742248535e-01
-7.090197801589965820e-01
-8.155924081802368164e-01
-6.064604520797729492e-01
-6.788604259490966797e-01
-6.236962080001831055e-01
-6.936083436012268066e-01
-5.761557221412658691e-01
-8.044155836105346680e-01
-6.852390170097351074e-01
-7.588821053504943848e-01
-6.977862119674682617e-01
-5.065718889236450195e-01
-8.010224103927612305e-01
-6.940428614616394043e-01
-4.449582993984222412e-01
-7.410455942153930664e-01
-3.090837001800537109e-01
-6.082813143730163574e-01
-5.384273529052734375e-01
-7.877864241600036621e-01
-6.531613469123840332e-01
-6.638718247413635254e-01
-6.403136849403381348e-01
-9.651805162429809570e-01
-8.223093748092651367e-01
-4.696690440177917480e-01
-6.302016377449035645e-01
-6.494498252868652344e-01
-4.123719930648803711e-01
-8.705580830574035645e-01
-7.307593822479248047e-01
-6.593021154403686523e-01
-6.849873065948486328e-01
-7.873668670654296875e-01
-7.920551896095275879e-01
-6.828356385231018066e-01
-7.473593354225158691e-01
-3.751341998577117920e-01
-6.820881962776184082e-01
-8.001981377601623535e-01
-5.157232880592346191e-01
-5.151551961898803711e-01
-8.962301164865493774e-02
-6.055940389633178711e-01
-5.547539591789245605e-01
-6.269187480211257935e-02
-7.711163759231567383e-01
-8.057241439819335938e-01
-6.995310187339782715e-01
-1.178637295961380005e-01
-7.551869750022888184e-01
-3.198379278182983398e-01
-6.469253301620483398e-01
-4.151857495307922363e-01
-6.813474297523498535e-01
-8.297052979469299316e-02
-6.551686525344848633e-01
-7.022359371185302734e-01
-3.588991463184356689e-01
-7.079912424087524414e-01
-8.570709079504013062e-02
-7.635443806648254395e-01
-4.671019613742828369e-01
-8.079681396484375000e-01
-8.766821622848510742e-01
-6.971762180328369141e-01
-8.116022348403930664e-01
-5.486569404602050781e-01
-4.339805245399475098e-01
-5.337399840354919434e-01
-7.367104291915893555e-01
-8.178109526634216309e-01
-5.371041297912597656e-01
-6.168841719627380371e-01
-4.940567612648010254e-01
-8.718913793563842773e-01
-3.955546021461486816e-01
-9.308869838714599609e-01
-7.942630648612976074e-01
-9.502078890800476074e-01
-5.503693222999572754e-01
-8.636087179183959961e-01
-9.288460612297058105e-01
-3.356771767139434814e-01
-7.233397364616394043e-01
-6.522380113601684570e-01
-6.250667572021484375e-01
-8.191779851913452148e-01
-6.978891491889953613e-01
-6.542225480079650879e-01
-6.544309854507446289e-01
-7.066558599472045898e-01
-6.834437847137451172e-01
-1.871412098407745361e-01
-7.026619315147399902e-01
-4.836597740650177002e-01
-5.315196514129638672e-01
-2.974081337451934814e-01
-3.546333014965057373e-01
-5.411106944084167480e-01
-5.852139592170715332e-01
-1.071203947067260742e+00
-3.129232227802276611e-01
-5.648968219757080078e-01
-6.639767438173294067e-02
-7.679675817489624023e-01
-4.990542232990264893e-01
-8.004096746444702148e-01
-8.601431846618652344e-01
-5.449087619781494141e-01
-6.036451458930969238e-01
-6.106160283088684082e-01
-6.117677688598632812e-01
-6.313050389289855957e-01
-3.098052740097045898e-01
-6.986352205276489258e-01
-5.276470780372619629e-01
-4.350427687168121338e-01
-5.107125639915466309e-01
-4.084998369216918945e-01
-8.179870843887329102e-01
-5.931614637374877930e-01
-7.294184565544128418e-01
-7.289621233940124512e-01
-6.551093459129333496e-01
-6.332405805587768555e-01
-7.274733185768127441e-01
-9.695684313774108887e-01
-6.068966984748840332e-01
-4.751136302947998047e-01
-4.211603403091430664e-01
-9.023417830467224121e-01
-1.238854750990867615e-01
-5.971168279647827148e-01
-7.708390951156616211e-01
-7.197462916374206543e-01
-5.877202153205871582e-01
-4.996883869171142578e-01
-3.745495975017547607e-01
-5.330729484558105469e-01
-7.589541077613830566e-01
-3.590042293071746826e-01
-5.380724668502807617e-01
-5.598425865173339844e-01
-4.241427779197692871e-01
-7.262546420097351074e-01
-4.724160134792327881e-01
-5.382214784622192383e-01
-8.612148165702819824e-01
-6.006134748458862305e-01
-4.653253853321075439e-01
-1.933292001485824585e-01
-8.908106684684753418e-01
-6.015111207962036133e-01
-7.024811506271362305e-01
-7.701057195663452148e-01
-6.812919974327087402e-01
-1.086659207940101624e-01
-3.100400865077972412e-01
-3.876055479049682617e-01
-6.842835545539855957e-01
-5.000423192977905273e-01
-4.775950610637664795e-01
-7.120172381401062012e-01
-5.436403751373291016e-01
-6.521266102790832520e-01
-4.711038172245025635e-01
-3.351325094699859619e-01
-6.436148881912231445e-01
-1.355133354663848877e-01
-6.152272820472717285e-01
-4.999761879444122314e-01
-7.414469122886657715e-01
-3.772110044956207275e-01
-7.369239926338195801e-01
-4.509971439838409424e-01
-8.249448537826538086e-01
-7.823995947837829590e-01
-7.394750714302062988e-01
-7.448239922523498535e-01
-6.569625139236450195e-01
-6.921592354774475098e-01
-6.209094524383544922e-01
-6.390786767005920410e-01
-7.771720886230468750e-01
-6.850358843803405762e-01
-6.018891334533691406e-01
-7.493539452552795410e-01
-7.698856592178344727e-01
-3.728970587253570557e-01
-1.000913530588150024e-01
-9.430382400751113892e-02
-6.799467206001281738e-01
-5.594707131385803223e-01
-8.763688206672668457e-01
-5.766344666481018066e-01
-5.840404629707336426e-01
-2.987720668315887451e-01
-6.443310976028442383e-01
-6.329522728919982910e-01
-6.425441503524780273e-01
-5.911471843719482422e-01
-7.578435540199279785e-01
-7.568190097808837891e-01
-8.466693162918090820e-01
-4.281572699546813965e-01
-6.664506793022155762e-01
-6.776774525642395020e-01
-2.867901921272277832e-01
-5.079102516174316406e-01
-4.400170743465423584e-01
-8.325855731964111328e-01
-7.356474399566650391e-01
-8.082616925239562988e-01
-9.882054328918457031e-01
-5.037793517112731934e-01
-7.637665271759033203e-01
-6.541972756385803223e-01
-8.933813869953155518e-02
-5.748565793037414551e-01
-6.955968737602233887e-01
-6.882711648941040039e-01
-7.105404734611511230e-01
-9.298701286315917969e-01
-9.438620507717132568e-02
-9.181908518075942993e-02
-4.297486543655395508e-01
-5.021160244941711426e-01
-7.785450816154479980e-01
-4.075895249843597412e-01
-4.107227921485900879e-01
-5.270732045173645020e-01
-4.241283833980560303e-01
-6.803980469703674316e-01
-8.551135659217834473e-01
-7.874921560287475586e-01
-6.202925443649291992e-01
-5.800869464874267578e-01
-6.710211038589477539e-01
-6.089416146278381348e-01
-6.811381578445434570e-01
-5.171570777893066406e-01
-7.653837203979492188e-01
-6.868485808372497559e-01
-7.807027101516723633e-01
-7.661405801773071289e-01
-7.568383216857910156e-01
-6.178855895996093750e-01
-7.484370470046997070e-01
-6.029772162437438965e-01
-6.205598711967468262e-01
-4.697527289390563965e-01
-8.156087994575500488e-01
-3.737432658672332764e-01
1.872002035379409790e-01
-6.414082050323486328e-01
-4.255638420581817627e-01
-8.091169595718383789e-01
-7.191761136054992676e-01
-7.561155408620834351e-02
-5.560609698295593262e-01
-8.407233953475952148e-01
-6.565158367156982422e-01
-3.601104617118835449e-01
-5.786008238792419434e-01
-7.546181678771972656e-01
-7.317693233489990234e-01
-7.754750251770019531e-01
-6.080539226531982422e-01
-5.823960900306701660e-01
-4.821420013904571533e-01
-6.792741417884826660e-01
-5.606241226196289062e-01
-6.508670449256896973e-01
-5.385796427726745605e-01
-5.826017260551452637e-01
-6.263611316680908203e-01
-7.903924584388732910e-01
-8.204764127731323242e-01
-5.034137964248657227e-01
-5.631004571914672852e-01
-6.636164784431457520e-01
-1.983374953269958496e-01
-4.507369697093963623e-01
-6.700313091278076172e-01
-6.407334208488464355e-01
-3.675602972507476807e-01
-6.546592712402343750e-01
-6.756473779678344727e-01
-7.833201885223388672e-01
-6.811264157295227051e-01
-7.216881513595581055e-01
-6.173113584518432617e-01
-4.232009649276733398e-01
-8.530154824256896973e-01
-7.726895213127136230e-01
-4.960491061210632324e-01
-7.247689962387084961e-01
-4.848343729972839355e-01
-6.669023036956787109e-01
-7.212840914726257324e-01
-2.680892348289489746e-01
-5.286110639572143555e-01
-5.663577914237976074e-01
-5.977851152420043945e-01
-6.335662603378295898e-01
-7.952314019203186035e-01
-6.127213239669799805e-01
-6.429591774940490723e-01
-8.401250839233398438e-01
-7.745333313941955566e-01
-1.612451523542404175e-01
-5.497857332229614258e-01
-6.260226964950561523e-01
-4.911548495292663574e-01
-6.183308362960815430e-01
-8.222356438636779785e-01
-5.334825515747070312e-01
-7.976842522621154785e-01
-5.756092667579650879e-01
-5.796281695365905762e-01
-6.744683980941772461e-01
-5.356498360633850098e-01
-7.110604047775268555e-01
-5.930570960044860840e-01
-2.439979612827301025e-01
-6.953904032707214355e-01
-8.807052373886108398e-01
-5.178720355033874512e-01
-4.912499487400054932e-01
-5.118603706359863281e-01
-4.322360157966613770e-01
-5.454225540161132812e-01
-6.200527772307395935e-02
-8.764690756797790527e-01
-5.792493224143981934e-01
-5.300304889678955078e-01
-7.860784530639648438e-01
-4.330966472625732422e-01
-5.871406793594360352e-01
-8.265057206153869629e-01
-6.428086161613464355e-01
-5.517520904541015625e-01
-8.440865874290466309e-01
-4.762134253978729248e-01
-6.217750310897827148e-01
-6.604090332984924316e-01
-6.456947922706604004e-01
-5.376299619674682617e-01
-7.736474871635437012e-01
-7.246698737144470215e-01
-7.933613657951354980e-01
-5.880110859870910645e-01
-1.230919361114501953e-01
-5.707516670227050781e-01
-1.098198890686035156e-01
-7.096315026283264160e-01
-5.664397478103637695e-01
-5.982933044433593750e-01
-2.999629974365234375e-01
-8.274964243173599243e-02
