3.165881335735321045e-02
-4.229882732033729553e-02
2.738817222416400909e-02
-2.619709221107768826e-06
1.765517517924308777e-02
-4.675656855106353760e-01
3.440774604678153992e-02
-6.417483091354370117e-02
3.913179039955139160e-02
1.042621396481990814e-02
-9.051176905632019043e-02
-1.472384780645370483e-01
3.539943322539329529e-02
1.833182014524936676e-02
-7.440561312250792980e-04
-2.172544151544570923e-01
2.281588688492774963e-02
-2.213655505329370499e-03
-2.449985742568969727e-01
-1.321583539247512817e-01
-7.623781263828277588e-02
-1.181862056255340576e-01
-4.916143715381622314e-01
-1.251581590622663498e-02
2.550509199500083923e-02
-1.215550862252712250e-02
-2.224448025226593018e-01
-6.760053336620330811e-02
3.482737019658088684e-02
-3.336237370967864990e-01
-1.096137911081314087e-01
3.849571570754051208e-02
-7.459725439548492432e-02
-2.786292321979999542e-02
2.486407198011875153e-02
-3.351674973964691162e-02
-5.187199264764785767e-02
-2.196569144725799561e-01
-9.811340831220149994e-03
-1.251747161149978638e-01
-1.650712937116622925e-01
-3.141764998435974121e-01
5.196534097194671631e-03
-5.049976333975791931e-02
-1.231897476827725768e-05
2.999185584485530853e-02
-1.156975328922271729e-02
-2.469280064105987549e-01
-9.817482531070709229e-02
-3.145054578781127930e-01
2.147330529987812042e-02
-3.026693761348724365e-01
-8.564630895853042603e-02
-3.679211437702178955e-02
-1.229524090886116028e-01
4.252624697983264923e-03
4.202470183372497559e-03
4.078878089785575867e-02
2.204085141420364380e-02
3.100343747064471245e-04
1.255317684262990952e-02
5.075962841510772705e-02
8.048541843891143799e-03
-9.110643663101658518e-12
2.999926917254924774e-02
3.463499620556831360e-02
-6.262557208538055420e-02
-1.873851716518402100e-01
-8.597576059401035309e-03
-2.890313565731048584e-01
-4.464703146368265152e-03
-7.164701074361801147e-02
1.916785165667533875e-02
-4.281404986977577209e-02
-3.006878308951854706e-02
2.298597805202007294e-02
-3.145060688257217407e-02
-6.637923419475555420e-02
3.112839348614215851e-02
-2.577937841415405273e-01
-3.838181123137474060e-02
1.730666123330593109e-02
-3.170671561747440137e-06
-8.597174079409686254e-13
1.448079384863376617e-02
-1.585695147514343262e-02
-4.601865112781524658e-01
-1.843543350696563721e-01
-1.796879768371582031e-01
2.221788652241230011e-02
1.031496212817728519e-03
1.261447649449110031e-02
1.944660395383834839e-02
2.638847567141056061e-02
-8.409419097006320953e-03
-8.818611502647399902e-03
-4.286834225058555603e-02
-3.439025208353996277e-02
2.162220142781734467e-02
-6.007867306470870972e-02
-6.029037758708000183e-03
-8.785014599561691284e-02
-2.096981552313081920e-05
-1.925679668784141541e-02
-1.356691420078277588e-01
1.329135335981845856e-02
1.146965846419334412e-02
-2.604261040687561035e-01
-4.864775016903877258e-02
-2.659235149621963501e-02
-4.795790091156959534e-02
1.374943833798170090e-02
-1.532613635063171387e-01
-4.247102886438369751e-02
-1.231738053775188746e-07
9.627056308090686798e-03
4.958881810307502747e-02
3.408768400549888611e-02
1.634910143911838531e-02
-5.009311065077781677e-02
3.554947441443800926e-03
-3.122392296791076660e-01
-2.180907875299453735e-03
-6.191392458276823163e-06
2.685219049453735352e-02
2.514862641692161560e-02
-2.670594751834869385e-01
-1.359374374151229858e-01
-1.743613332509994507e-01
-1.200111806392669678e-01
-1.989206299185752869e-02
-1.005628211454313858e-13
-1.492314189672470093e-01
-2.917936146259307861e-01
-4.326494634151458740e-01
-6.126821413636207581e-02
-9.218575432896614075e-03
-2.148288331227377057e-04
-3.629369735717773438e-01
-1.090884208679199219e-02
1.009835023432970047e-02
-3.797198459506034851e-02
-9.883444011211395264e-02
1.411115378141403198e-02
-8.778073638677597046e-02
-4.929486894980072975e-04
2.138368226587772369e-02
1.620656996965408325e-02
3.564609680324792862e-03
-2.687441781581333824e-25
4.809742327779531479e-03
-3.871952593326568604e-01
-2.488604187965393066e-02
-5.551171302795410156e-02
2.681463584303855896e-02
-1.436451673507690430e-01
-1.053596511483192444e-01
1.331651769578456879e-02
-1.066880207508802414e-02
-4.698311763918312442e-15
-5.664515122771263123e-02
2.368970960378646851e-02
2.886480651795864105e-02
3.049663268029689789e-02
-5.904046073555946350e-02
-4.389921585967737627e-13
-9.491858072578907013e-03
-8.079909719526767731e-03
3.105991287156939507e-03
3.035267628729343414e-02
1.037008222192525864e-02
-6.448554247617721558e-02
-4.650370404124259949e-02
-1.206023897975683212e-02
3.534892201423645020e-02
-4.189008474349975586e-02
-8.360005396279568401e-12
-4.216737300157546997e-02
-1.239655390381813049e-01
3.104006126523017883e-02
-1.602637395262718201e-02
-1.866011768579483032e-01
-1.686484739184379578e-02
-6.195531412959098816e-02
-3.939706832170486450e-03
2.889444492757320404e-02
-1.033472362905740738e-03
-1.818886958062648773e-03
-5.552034825086593628e-02
-4.572277069091796875e-01
-1.314639579504728317e-03
-2.863566279411315918e-01
-3.861794993281364441e-02
1.633686572313308716e-02
6.931166164577007294e-03
2.527572400867938995e-02
-2.752538919448852539e-01
-2.743034996092319489e-02
-8.329461514949798584e-02
-1.668528839945793152e-02
3.801717888563871384e-03
1.688166521489620209e-02
-5.135583877563476562e-02
-1.969002000987529755e-02
-7.416784763336181641e-02
9.790929965674877167e-03
2.480663172900676727e-02
-1.295314133167266846e-01
3.950319066643714905e-02
9.774939157068729401e-03
2.697083540260791779e-02
-1.127905547618865967e-01
-5.050171239417977631e-05
-1.971935108304023743e-02
3.031645156443119049e-02
4.311537742614746094e-02
-1.747215166687965393e-02
-6.502657383680343628e-02
1.109943538904190063e-02
3.711304068565368652e-02
-5.512635409832000732e-02
-9.219053387641906738e-02
1.956123858690261841e-02
5.136705935001373291e-02
-5.579759180545806885e-02
3.070508316159248352e-02
-1.264232546091079712e-01
-1.528185307979583740e-01
-5.941910364452066961e-22
-3.573295846581459045e-02
1.943054422736167908e-02
-2.787489593029022217e-01
-5.142298527061939240e-03
-3.956306353211402893e-02
-2.184672355651855469e-01
-7.141909748315811157e-02
2.071071416139602661e-03
-4.496439918875694275e-02
-2.966007888317108154e-01
-1.041863858699798584e-02
2.098477818071842194e-02
2.232126891613006592e-02
2.261758595705032349e-02
-1.481621414422988892e-01
3.729536384344100952e-02
-1.824545562267303467e-01
1.554228644818067551e-02
-1.333014965057373047e-01
-8.815703541040420532e-02
-5.450904616566276673e-09
3.674446418881416321e-02
-8.879408985376358032e-02
-3.788155037909746170e-03
-2.534912228584289551e-01
-3.656990230083465576e-01
2.838175557553768158e-02
-1.027107015252113342e-01
3.614431992173194885e-02
-6.541779730468988419e-04
3.788430616259574890e-02
-1.083202391782833729e-06
3.491194546222686768e-02
1.134700514376163483e-02
3.766230493783950806e-02
3.789965063333511353e-02
-3.999201580882072449e-02
9.492021054029464722e-03
2.447051182389259338e-02
-5.890443921089172363e-02
-2.659479901194572449e-02
1.369750220328569412e-02
2.609742060303688049e-02
-1.899377044534134029e-10
1.418304909020662308e-02
-2.435205727815628052e-01
2.433296665549278259e-02
-2.170903049409389496e-02
-2.404978573322296143e-01
-2.093941159546375275e-02
-1.406862139701843262e-01
-8.772841840982437134e-02
-1.322059482336044312e-01
-1.734678894281387329e-01
-2.615194767713546753e-02
2.838594838976860046e-02
-1.138214766979217529e-02
-7.274271547794342041e-02
-2.965003252029418945e-02
-2.307111471891403198e-01
-3.011005560438206885e-07
3.683815151453018188e-02
1.036948669934645295e-04
3.017749823629856110e-02
-2.946759164333343506e-01
-3.138815984129905701e-03
2.375798067077994347e-03
1.200870517641305923e-02
4.460875689983367920e-02
-8.033775375224649906e-04
-1.262718290090560913e-01
-3.103542423055216659e-10
3.018805943429470062e-02
6.450898945331573486e-02
1.650544628500938416e-02
-7.570683211088180542e-02
-1.982792019844055176e-01
-2.939225137233734131e-01
-8.627247065305709839e-02
-3.483051955699920654e-01
-1.657444089651107788e-01
-1.957877166569232941e-02
-4.731762222945690155e-03
-1.276721358299255371e-01
-4.729914292693138123e-02
-2.381986379623413086e-01
-1.027910038828849792e-01
-1.400213688611984253e-01
-1.313184648752212524e-01
-7.360278815031051636e-02
2.245808951556682587e-02
2.022113278508186340e-02
-8.516099303960800171e-02
-3.451339900493621826e-01
4.294711351394653320e-02
-1.120836213231086731e-01
1.695542968809604645e-02
-1.564050442539155483e-03
-2.231028228998184204e-01
-3.222356140613555908e-01
-3.668513298034667969e-01
-1.335559189319610596e-01
-8.179826289415359497e-02
-1.110984361730515957e-03
-1.825304389058146626e-05
3.627865388989448547e-02
1.251491194125264883e-04
-1.101872399449348450e-01
3.348422423005104065e-02
-3.248566016554832458e-02
-3.029886260628700256e-02
-2.805044502019882202e-02
2.686201222240924835e-02
-2.101023942232131958e-01
1.292521227151155472e-02
-3.617565333843231201e-02
1.310897711664438248e-02
-9.495276957750320435e-02
-1.257205158472061157e-01
-4.166174530982971191e-01
-2.653143405914306641e-01
-9.510608762502670288e-02
-9.200792014598846436e-02
-1.736975833773612976e-02
-1.981038972735404968e-02
3.799434006214141846e-02
3.349532559514045715e-02
-4.952213540673255920e-02
-6.633699685335159302e-02
-3.210783377289772034e-02
-3.988475043570360867e-07
1.120220590382814407e-02
-7.725990144535899162e-04
-8.335360884666442871e-02
2.339595183730125427e-02
-3.385560214519500732e-02
-1.187893524765968323e-01
-1.102711707353591919e-01
-9.659039205871522427e-04
-7.160603534430265427e-03
-3.105659969151020050e-03
-5.199756100773811340e-02
-4.547688364982604980e-02
-8.394317701458930969e-03
3.284994512796401978e-02
-2.228068560361862183e-01
-3.934257850050926208e-02
-4.580322653055191040e-02
-3.353569284081459045e-02
4.994157701730728149e-02
-1.547872573137283325e-01
4.106562957167625427e-02
-1.814531236886978149e-01
2.849276550114154816e-02
-1.857756376266479492e-01
-1.159490738064050674e-02
-2.337234616279602051e-01
-2.703723125159740448e-02
-5.131006286518413617e-09
-3.392834588885307312e-02
8.064141869544982910e-02
-3.548453152179718018e-01
-2.998059093952178955e-01
-9.246383793652057648e-03
-1.779138110578060150e-02
-3.037964925169944763e-02
-6.045863777399063110e-02
-1.407163739204406738e-01
8.829824626445770264e-03
-9.220290184020996094e-02
-2.616244852542877197e-01
-1.645599119365215302e-02
-2.075284533202648163e-02
-3.093584179878234863e-01
-1.494970433668640908e-06
-1.534910947084426880e-01
-4.245749115943908691e-02
3.326299414038658142e-02
-2.791369147598743439e-02
-2.764931023120880127e-01
-2.032451778650283813e-01
-5.477122962474822998e-02
-5.853438749909400940e-02
2.030576206743717194e-02
-1.968033425509929657e-02
-1.470401138067245483e-02
2.276216074824333191e-02
2.010734938085079193e-02
2.446212433278560638e-02
-4.771235212683677673e-02
-2.539302688091993332e-03
-3.807373344898223877e-01
4.737645015120506287e-02
-1.924077272415161133e-01
-3.025945723056793213e-01
1.173668261617422104e-02
6.844327435828745365e-04
-2.922415547072887421e-02
4.016073420643806458e-02
-3.698629140853881836e-02
-1.536618825048208237e-02
1.871362142264842987e-02
-6.758848758181557059e-05
-8.990885317325592041e-02
-3.118241429328918457e-01
-9.538981318473815918e-02
2.269728668034076691e-02
-5.538675934076309204e-02
-1.118013821542263031e-02
-7.365787029266357422e-02
-1.278183609247207642e-01
-2.267905473709106445e-01
-2.363296896219253540e-01
-2.824908494949340820e-01
1.686709187924861908e-02
-8.962190151214599609e-02
-5.935972929000854492e-02
-1.143089085817337036e-01
8.223433047533035278e-03
-1.251979172229766846e-02
-2.184693329036235809e-02
-9.676983579993247986e-03
-3.321801126003265381e-01
4.175319522619247437e-02
-2.813056670129299164e-02
6.327327340841293335e-02
-4.836157709360122681e-02
-6.964265555143356323e-02
-3.065465763211250305e-02
-2.180445753037929535e-02
9.898942895233631134e-03
-3.598043695092201233e-02
4.358733445405960083e-02
6.763357669115066528e-03
-1.792226433753967285e-01
-1.942552924156188965e-01
-1.357638393528759480e-03
8.721766993403434753e-03
1.200549770146608353e-02
4.717476665973663330e-02
-1.741997301578521729e-01
2.057585399597883224e-03
-7.571393251419067383e-02
-5.591601878404617310e-02
8.620160631835460663e-03
-2.426797896623611450e-01
-2.309912294149398804e-01
-1.497041732072830200e-01
-1.953411847352981567e-01
9.037815034389495850e-03
-2.851162850856781006e-01
1.894522109068930149e-03
-1.027998253703117371e-01
-2.067922742765571087e-11
-9.994157403707504272e-02
-5.510530993342399597e-02
-1.784892380237579346e-01
-2.778623998165130615e-02
-1.722556948661804199e-01
-3.433587029576301575e-02
-6.157660111784934998e-02
-1.339597441256046295e-02
-5.112679675221443176e-02
7.371035404503345490e-03
-2.147281020879745483e-01
-1.028118282556533813e-01
-2.028212249279022217e-01
-3.034817799925804138e-02
-3.769284859299659729e-02
6.918823346495628357e-03
-1.476095020771026611e-01
-1.064615826051884540e-10
-1.122518181800842285e-01
-1.369774043560028076e-01
1.051538437604904175e-02
-6.445862818509340286e-03
9.373595094075426459e-05
-1.015911903232336044e-02
-9.657143615186214447e-03
-1.563478857278823853e-01
-2.713120728731155396e-02
8.528116159141063690e-03
-1.583941467106342316e-02
-3.537148982286453247e-02
-1.179524362087249756e-01
-1.510473992675542831e-02
-1.635114476084709167e-02
-7.308272272348403931e-02
-1.209074669730363375e-29
-1.146662143014509638e-07
-1.030453369021415710e-01
2.132327854633331299e-02
-2.285942621529102325e-02
3.311876440420746803e-03
7.376941386610269547e-03
-1.285733422264456749e-03
3.354275366291403770e-03
-1.898255012929439545e-02
-1.307898163795471191e-01
3.206974128261208534e-03
-1.706245988607406616e-01
-2.104735437465684543e-26
-2.070631086826324463e-01
2.032835595309734344e-02
-6.281337141990661621e-02
-7.552161812782287598e-02
1.792716793715953827e-02
-2.447021752595901489e-02
-1.013801619410514832e-01
-3.351514460518956184e-03
-2.516779117286205292e-02
-1.806660443544387817e-01
-2.662777900695800781e-01
-1.191419139504432678e-01
3.669894859194755554e-02
2.625320479273796082e-02
-8.765015751123428345e-03
-2.191570587456226349e-02
1.782156340777873993e-02
2.264704741537570953e-02
2.757637016475200653e-02
-1.461858954280614853e-02
-2.740781605243682861e-01
-2.452077157795429230e-02
-2.856297185644507408e-03
9.444490075111389160e-03
-6.193025037646293640e-02
2.476854715496301651e-04
9.525717236101627350e-03
2.806739509105682373e-02
-1.168671697378158569e-01
4.355219006538391113e-02
-1.518350988626480103e-01
-2.226309847406861012e-34
-4.158207029104232788e-02
-1.496478170156478882e-01
-1.592843383550643921e-01
-6.949725002050399780e-02
-1.267321258783340454e-01
6.134173367172479630e-03
-4.002296030521392822e-01
-1.685583144426345825e-01
2.312813326716423035e-02
-1.942615658044815063e-01
-3.743160665035247803e-01
-7.735247723758220673e-03
6.316261831670999527e-03
1.759943179786205292e-02
1.075486559420824051e-02
1.064336206763982773e-02
1.118227560073137283e-02
-7.102062553167343140e-02
5.163075774908065796e-02
-9.505812823772430420e-02
5.938847735524177551e-02
2.470376156270503998e-02
-2.198689384385943413e-03
2.101154811680316925e-02
3.450893983244895935e-02
-3.658000752329826355e-02
-2.826328948140144348e-02
-9.355499409139156342e-03
-8.311457931995391846e-02
-4.118575155735015869e-01
-1.020671129226684570e-01
-3.151817619800567627e-02
-1.360269486904144287e-01
-2.788039669394493103e-02
-9.171308018267154694e-03
-9.946082532405853271e-02
-1.846051029860973358e-02
2.357568591833114624e-02
1.174068823456764221e-02
-3.105721622705459595e-02
1.739723235368728638e-02
5.099526140838861465e-03
-6.046591326594352722e-02
1.600762456655502319e-02
-2.233845740556716919e-01
-3.244879543781280518e-01
-1.374710862350324737e-15
-3.183757886290550232e-03
3.082196600735187531e-02
-1.819490343332290649e-01
-4.495608434081077576e-02
4.016168415546417236e-03
-3.241710146539844573e-05
-2.942024357616901398e-02
4.637147765606641769e-03
-1.193899661302566528e-01
2.597053907811641693e-02
-9.320123936049640179e-04
2.461002394556999207e-02
-2.254940010607242584e-02
4.901800304651260376e-02
-8.739790320396423340e-02
-1.062929481267929077e-01
-4.338770732283592224e-02
-9.841624647378921509e-02
-6.605392694473266602e-02
1.475701481103897095e-02
3.428901312872767448e-03
-5.941294878721237183e-02
3.269169107079505920e-02
2.859359607100486755e-02
-2.582827210426330566e-02
-6.838483363389968872e-02
-2.873495407402515411e-02
1.552647072821855545e-02
-3.413680195808410645e-01
-3.263113321736454964e-03
-4.536292701959609985e-02
-9.129304438829421997e-02
-1.559910625219345093e-01
-8.951898664236068726e-02
-3.978473693132400513e-02
-1.808661967515945435e-01
6.822426337748765945e-03
-1.916480995714664459e-02
-2.343084290623664856e-02
-1.563711911439895630e-01
1.732005178928375244e-02
-1.059614270925521851e-01
-2.384587824344635010e-01
-2.702457457780838013e-02
-5.451550334692001343e-02
1.522681117057800293e-02
-1.015147790312767029e-01
-1.564549803733825684e-01
1.668162271380424500e-02
-9.230339856003411114e-06
1.055066287517547607e-02
-3.365459293127059937e-02
1.714370958507061005e-02
2.029740437865257263e-02
4.792995750904083252e-02
-1.009054714813828468e-03
-2.235826253890991211e-01
8.264672942459583282e-03
-4.390280228108167648e-03
-1.865130066871643066e-01
1.265673432499170303e-02
-1.395382583141326904e-01
-1.743343472480773926e-02
3.293007379397749901e-03
3.125381097197532654e-02
-1.667388901114463806e-02
-1.198353171348571777e-01
2.964985033031553030e-04
-7.581686228513717651e-02
-1.330055645667016506e-03
5.100557114928960800e-03
-5.554632470011711121e-02
-1.087693944573402405e-01
-1.992880180478096008e-02
5.445068702101707458e-03
4.601957276463508606e-03
-4.577660560607910156e-02
8.904142305254936218e-03
-1.415220499038696289e-01
-8.638658374547958374e-02
2.738871425390243530e-02
-1.774885319173336029e-02
-1.280648983083665371e-03
7.692387327551841736e-03
1.778949424624443054e-02
4.429975058883428574e-03
-6.347347891733079450e-08
4.286281764507293701e-03
1.559054653625935316e-04
-7.120839506387710571e-02
-4.599265754222869873e-02
-3.397621586918830872e-02
-5.775830149650573730e-02
4.597602039575576782e-02
-5.932090803980827332e-02
1.517045125365257263e-02
-2.803502418100833893e-02
-3.521597757935523987e-02
2.546433918178081512e-02
2.163600921630859375e-02
-6.492915563285350800e-03
2.369460277259349823e-02
1.559574622660875320e-02
6.386144552379846573e-03
6.758575327694416046e-03
-1.664454001002013683e-03
-2.771273255348205566e-01
2.709241816774010658e-03
4.449363797903060913e-03
2.592184767127037048e-02
-9.236784279346466064e-02
-9.252795577049255371e-02
-2.685059607028961182e-01
-5.723818391561508179e-02
-2.238263376057147980e-02
1.133008301258087158e-02
-7.022554054856300354e-03
-1.182074993848800659e-01
-1.624657208765256655e-08
2.018899843096733093e-02
-2.971708402037620544e-02
-7.195857469923794270e-04
-1.833252795040607452e-02
-5.939712747931480408e-03
-2.964385598897933960e-02
1.446207752451300621e-03
-2.725259851799869440e-18
-7.117041945457458496e-02
2.341802604496479034e-02
7.935155183076858521e-03
-1.011458132416009903e-02
-1.559837758541107178e-01
-8.890202641487121582e-02
-5.790742486715316772e-02
-6.940685212612152100e-02
-3.509236574172973633e-01
-5.331007838249206543e-01
2.870647236704826355e-02
4.780130926519632339e-03
-9.038537510207576120e-25
-1.208983063697814941e-01
1.343546435236930847e-03
2.980422414839267731e-02
-4.554759562015533447e-01
-1.388909816741943359e-01
7.233865559101104736e-03
-8.799833245575428009e-03
-4.731500893831253052e-02
-7.169944792985916138e-02
-3.069215454161167145e-02
-1.750663518905639648e-01
1.303879544138908386e-02
-1.074806898832321167e-01
-5.554657429456710815e-02
-2.170135080814361572e-01
-1.280786246061325073e-01
-2.151408642530441284e-01
-4.399138316512107849e-02
-7.256582379341125488e-02
3.062632121145725250e-02
1.726833358407020569e-02
-2.363389916718006134e-02
-2.102192938327789307e-01
3.748648613691329956e-02
-9.619274735450744629e-02
-6.615625694394111633e-03
4.755820613354444504e-03
-8.154039084911346436e-02
-5.568024888634681702e-02
-2.906744834035634995e-03
-9.953263401985168457e-02
3.490845113992691040e-02
-4.573567211627960205e-02
-5.105143412947654724e-02
9.595278650522232056e-03
2.941630221903324127e-02
-8.076098652054497506e-07
-1.119390875101089478e-02
-8.472549915313720703e-02
-1.784033030271530151e-01
-1.217920915223658085e-03
-4.038338363170623779e-01
9.630250744521617889e-03
6.622102111577987671e-03
-7.735215127468109131e-03
3.897637128829956055e-02
-8.324204944074153900e-03
5.704558268189430237e-02
-2.258915454149246216e-01
9.010469540953636169e-03
2.257857099175453186e-02
-1.407859474420547485e-01
-6.522538606077432632e-03
2.357006259262561798e-02
-7.799566537141799927e-02
-1.782011985778808594e-01
1.803888566792011261e-02
-1.033911705017089844e-01
-2.330097109079360962e-01
2.764807827770709991e-02
2.743645757436752319e-02
-4.483699500560760498e-01
1.610992662608623505e-02
-5.980027839541435242e-02
1.171544753015041351e-02
-1.033024769276380539e-02
1.079442631453275681e-02
-2.109639346599578857e-02
-3.777411766350269318e-03
-1.188576314598321915e-02
-9.921574033796787262e-03
-1.832944457419216633e-03
-3.360106050968170166e-02
-7.070188410580158234e-03
-3.960993885993957520e-01
-2.027327194809913635e-03
8.284536190330982208e-03
-1.128600524680223316e-05
-5.208282098295662747e-31
-3.664762906141166466e-18
-9.680918604135513306e-02
2.216254174709320068e-02
-8.539465889884675486e-16
1.459291111677885056e-02
-2.081547230482101440e-01
-5.738784745335578918e-02
-1.487036328762769699e-02
-3.962223418056964874e-03
2.331736125051975250e-02
3.205907344818115234e-02
2.207975462079048157e-02
2.797867730259895325e-02
-2.243669144809246063e-02
-2.476751804351806641e-03
-6.302166730165481567e-02
1.119761262089014053e-02
2.352648181840777397e-03
-1.672449707984924316e-02
6.840158021077513695e-04
2.960215136408805847e-02
-1.507667452096939087e-02
-1.120901554822921753e-01
-4.058619141578674316e-01
-1.955830678343772888e-02
-2.435204535722732544e-01
-1.144861951470375061e-01
-1.809900510124862194e-03
-4.533597826957702637e-02
-3.347747772932052612e-02
-1.137379854917526245e-01
2.082791924476623535e-02
2.951584011316299438e-02
-2.889196388423442841e-02
-1.748901978135108948e-02
-5.449600517749786377e-03
4.075563699007034302e-02
2.007981017231941223e-02
1.047200802713632584e-02
-3.937432169914245605e-01
-2.378316223621368408e-01
-1.787741295993328094e-02
-4.479970782995223999e-02
-8.792228462279239216e-18
-4.348580539226531982e-02
1.542888488620519638e-02
2.640013210475444794e-02
4.973301663994789124e-03
-1.175579205155372620e-01
-2.354729622602462769e-01
-2.745259553194046021e-03
-4.137971997261047363e-02
-3.945518732070922852e-01
2.122605778276920319e-02
-6.140007823705673218e-02
3.095744736492633820e-02
-1.297435261449209065e-07
1.779464818537235260e-02
-2.993508219084617394e-12
3.135919570922851562e-03
-1.765297502279281616e-01
8.119822479784488678e-03
3.118049539625644684e-02
-1.611413657665252686e-01
-3.992941230535507202e-02
2.406653575599193573e-02
-1.493178755044937134e-01
1.716413535177707672e-02
3.042012453079223633e-02
3.865088149905204773e-02
2.150142006576061249e-02
-1.963627487421035767e-01
-1.783070899546146393e-02
-1.851408630609512329e-01
2.057674899697303772e-02
-1.056656613945960999e-01
-1.369179967260100410e-31
-2.506377545538156139e-24
-8.101518452167510986e-02
-1.033039647154510021e-03
-1.853096187114715576e-01
-3.670350834727287292e-02
-1.752364262938499451e-02
-2.740979753434658051e-02
-3.008901886641979218e-02
-3.405526652932167053e-02
9.401226416230201721e-03
-8.286401629447937012e-02
-1.855503171682357788e-01
-1.444312334060668945e-01
-7.432424277067184448e-02
2.748697809875011444e-02
-2.398878484964370728e-01
-1.165821030735969543e-02
-2.116093933582305908e-01
-5.831403285264968872e-02
-8.247226476669311523e-03
-2.267661243677139282e-01
-1.325133442878723145e-01
-2.712337300181388855e-02
4.596716724336147308e-03
-1.049885600805282593e-01
1.076107099652290344e-02
3.207523375749588013e-02
8.430851623415946960e-03
9.296736679971218109e-03
4.623107239603996277e-02
-1.869989186525344849e-02
-6.062066555023193359e-02
-7.958985700147600180e-24
-8.409397304058074951e-02
-9.592611149855656549e-09
-2.761441919574281201e-07
-1.576366722583770752e-01
-1.369542926549911499e-01
-2.882317081093788147e-02
-6.463503092527389526e-02
-1.457389593124389648e-01
3.309613466262817383e-02
-6.889755837619304657e-03
-6.207908689975738525e-02
-5.916722491383552551e-02
-1.406926661729812622e-02
-9.055398404598236084e-02
-7.053294777870178223e-02
-4.810655862092971802e-02
-7.959377020597457886e-02
-6.232850626111030579e-02
1.338344532996416092e-02
-2.771299565210938454e-03
-8.452548086643218994e-02
-1.016162931919097900e-01
-4.044210072606801987e-03
2.891477197408676147e-02
-3.834229707717895508e-02
-1.904769305838271976e-04
-8.481364697217941284e-02
-6.871670484542846680e-02
-1.714561581611633301e-01
-8.748147734530252641e-28
-1.057990714907646179e-01
4.270113073289394379e-03
-4.219989478588104248e-02
-8.019624057425355221e-25
-5.373972654342651367e-02
-4.160036891698837280e-02
-2.035757452249526978e-01
-1.476633101701736450e-01
-4.681608825922012329e-02
1.493004336953163147e-02
-6.334901601076126099e-02
-4.018192589282989502e-01
-1.021325811743736267e-01
-5.718139931559562683e-02
-6.798149552196264267e-03
-6.403995305299758911e-02
-2.446232587099075317e-01
-6.542137265205383301e-02
3.767062351107597351e-02
-2.741040289402008057e-01
3.836154192686080933e-02
-3.314168006181716919e-02
3.336336463689804077e-02
-1.320265233516693115e-01
-1.048475801944732666e-01
-2.094109803438186646e-01
3.262578696012496948e-02
-1.179637387394905090e-03
-7.896631956100463867e-02
-8.445207774639129639e-02
7.099994923919439316e-03
7.339620590209960938e-02
-4.692079126834869385e-02
-3.337257727980613708e-02
-1.867092563770711422e-03
6.853762315586209297e-04
-2.663498558104038239e-02
2.515101246535778046e-02
-1.155584231019020081e-01
-1.707169041037559509e-02
-4.245664708690810585e-09
-1.175516247749328613e-01
-1.162993833422660828e-01
-6.882836049956616159e-27
-4.474754631519317627e-02
-9.202582389116287231e-02
-8.988003432750701904e-02
1.696100085973739624e-02
-1.196059808135032654e-01
3.181124478578567505e-02
-2.356974780559539795e-02
-4.131761215830920264e-06
-1.771499216556549072e-01
-2.851050905883312225e-02
1.215665601193904877e-02
