-3.840622007846832275e-01
-3.497239649295806885e-01
-4.617838263511657715e-01
-4.459905028343200684e-01
-2.351203262805938721e-01
-4.383775591850280762e-01
-3.199479877948760986e-01
-3.324385285377502441e-01
-5.306691527366638184e-01
-3.954779207706451416e-01
-3.997762501239776611e-01
-3.286093175411224365e-01
-3.422377407550811768e-01
-3.932575583457946777e-01
-3.952208757400512695e-01
-3.998748362064361572e-01
-3.813534080982208252e-01
3.991217166185379028e-02
-4.518470466136932373e-01
-5.995977204293012619e-03
-6.256097462028264999e-03
-3.392984867095947266e-01
-4.538288116455078125e-01
-3.332295417785644531e-01
-2.303991764783859253e-01
-4.686295390129089355e-01
-3.774613142013549805e-01
-3.720818320289254189e-03
-3.688663542270660400e-01
-4.236258864402770996e-01
-4.092228114604949951e-01
-1.230687797069549561e-01
-3.453351557254791260e-01
-4.080866649746894836e-02
-5.968486666679382324e-01
-3.206729590892791748e-01
-3.263538479804992676e-01
-3.597163558006286621e-01
-3.888220787048339844e-01
-5.536381155252456665e-02
-4.875341653823852539e-01
-4.582282900810241699e-01
-9.641601704061031342e-03
-4.615215584635734558e-02
-3.375508785247802734e-01
-3.933075666427612305e-01
-4.303867220878601074e-01
-3.770662248134613037e-01
-9.441587328910827637e-02
-3.213081955909729004e-01
-6.076355576515197754e-01
-1.778738945722579956e-01
-3.169428110122680664e-01
-1.721587777137756348e-01
-4.310238957405090332e-01
-2.631929330527782440e-02
-3.263247609138488770e-01
-3.498338162899017334e-01
-4.562295079231262207e-01
-3.395839035511016846e-01
4.877286404371261597e-02
-1.486062556505203247e-01
-3.535689711570739746e-01
-4.207391738891601562e-01
-6.116069555282592773e-01
-3.906222283840179443e-01
-3.545004129409790039e-01
-2.896256148815155029e-01
-4.376824796199798584e-01
-4.847644567489624023e-01
-4.039296805858612061e-01
-1.845495402812957764e-01
-1.629929989576339722e-01
-4.124190211296081543e-01
-4.717943668365478516e-01
-1.537700295448303223e-01
-1.868562772870063782e-02
-3.762900233268737793e-01
-2.734957337379455566e-01
-4.902898073196411133e-01
-4.218355715274810791e-01
-7.244665920734405518e-02
-4.555529356002807617e-01
-3.680200874805450439e-01
-4.353940486907958984e-01
-4.114137589931488037e-01
-1.340305339545011520e-02
-3.049295246601104736e-01
-4.581093788146972656e-02
-3.713518381118774414e-01
-7.047657668590545654e-02
-2.554566264152526855e-01
-2.733463943004608154e-01
-6.253740936517715454e-02
-2.507519721984863281e-01
-1.317253112792968750e-01
-1.236668527126312256e-01
-1.899665743112564087e-01
-3.482084274291992188e-01
-3.178240060806274414e-01
-3.675613403320312500e-01
-3.008378148078918457e-01
-3.791949152946472168e-01
-6.948513984680175781e-01
-4.750637114048004150e-01
-3.896185457706451416e-01
-1.690317839384078979e-01
-3.928696513175964355e-01
-3.239662349224090576e-01
-4.854281246662139893e-01
-4.716130793094635010e-01
-3.639674484729766846e-01
-3.947471082210540771e-02
-3.233627229928970337e-02
-3.668310940265655518e-01
-3.539360165596008301e-01
-2.184483408927917480e-01
-3.766918182373046875e-01
-1.354646235704421997e-01
-1.021415963768959045e-01
-2.777169048786163330e-01
-2.214779853820800781e-01
-4.716460108757019043e-01
-3.367235064506530762e-01
-4.026618003845214844e-01
-3.249323070049285889e-01
-7.481524944305419922e-01
-2.553444802761077881e-01
-8.052194863557815552e-02
-3.675687909126281738e-01
-3.486656546592712402e-01
-3.069716989994049072e-01
-3.730725944042205811e-01
-6.306806206703186035e-01
-5.643257498741149902e-01
-3.738861680030822754e-01
-4.390061199665069580e-01
-2.615648806095123291e-01
-4.815557897090911865e-01
-2.932794094085693359e-01
-4.207123816013336182e-01
-3.903819620609283447e-01
-2.854311466217041016e-01
-4.021017551422119141e-01
-1.221973970532417297e-01
-3.883603215217590332e-01
-3.564263284206390381e-01
-3.592376112937927246e-01
-2.918261662125587463e-02
-1.363950036466121674e-02
-3.737139403820037842e-01
-3.786711096763610840e-01
-4.601871371269226074e-01
-9.570308327674865723e-01
-8.116117119789123535e-02
-3.637891411781311035e-01
-4.471608400344848633e-01
-4.167713820934295654e-01
-4.287712574005126953e-01
-2.221833020448684692e-01
-7.358276844024658203e-01
-4.947286546230316162e-01
-4.518864154815673828e-01
-4.843734204769134521e-01
-3.312989771366119385e-01
-3.945214450359344482e-01
-1.853518933057785034e-02
-4.031445682048797607e-01
-4.063115119934082031e-01
-2.480973601341247559e-01
-3.631666004657745361e-01
-3.437187969684600830e-01
-4.589834213256835938e-01
-2.028364390134811401e-01
-3.159984201192855835e-02
-2.220959663391113281e-01
-2.163904309272766113e-01
-2.360864430665969849e-01
-6.963348388671875000e-02
-4.258904159069061279e-01
-3.334620893001556396e-01
-4.623000621795654297e-01
3.190448507666587830e-03
-1.125685349106788635e-01
-3.200753927230834961e-01
-4.959450662136077881e-01
-3.561141788959503174e-01
-3.722437843680381775e-02
-2.547211050987243652e-01
-3.788028657436370850e-01
-3.701763749122619629e-01
-3.121510446071624756e-01
-1.044865697622299194e-01
-3.313034772872924805e-01
-2.948465049266815186e-01
-3.874034583568572998e-01
-4.572588503360748291e-01
-4.575101137161254883e-01
-3.913430869579315186e-01
-5.505838394165039062e-01
-2.187274396419525146e-02
-4.071933925151824951e-01
-1.696462631225585938e-01
-6.936664879322052002e-02
-3.693483769893646240e-01
-3.523989915847778320e-01
-1.511421427130699158e-02
-3.233328461647033691e-01
-8.695970773696899414e-01
-4.030575752258300781e-01
-4.347609579563140869e-01
-1.953896433115005493e-01
-3.313944861292839050e-02
-3.543274700641632080e-01
-3.983310759067535400e-01
-3.656487166881561279e-01
-3.716701269149780273e-01
-4.640969336032867432e-01
-3.951252400875091553e-01
-4.333937764167785645e-01
-1.063016057014465332e-01
-4.509198367595672607e-01
-4.250482320785522461e-01
-2.898001968860626221e-01
-3.223892152309417725e-01
-4.422040283679962158e-02
-8.464570157229900360e-03
-2.179653793573379517e-01
-1.952251195907592773e-01
-1.452575474977493286e-01
-9.463501162827014923e-03
-5.291949957609176636e-02
-9.607972204685211182e-02
-4.050575792789459229e-01
-8.669783473014831543e-01
-7.778280228376388550e-02
-4.739665091037750244e-01
-3.659475743770599365e-01
-2.837677001953125000e-01
-4.935501813888549805e-01
-1.637376695871353149e-01
-3.722348213195800781e-01
-1.706992462277412415e-02
-3.048335611820220947e-01
-8.083697408437728882e-02
-9.760066866874694824e-02
-4.314442873001098633e-01
-4.774896502494812012e-01
-1.838351786136627197e-01
-1.659645885229110718e-01
-1.234275102615356445e-01
-4.241602122783660889e-01
-3.369728922843933105e-01
-5.972365736961364746e-01
-3.583180904388427734e-01
-5.772367119789123535e-01
-6.697791069746017456e-02
-4.151610434055328369e-01
-4.804856479167938232e-01
-3.588512241840362549e-01
-5.062977671623229980e-01
-4.149907827377319336e-01
-4.629693329334259033e-01
-2.880427539348602295e-01
-3.127560764551162720e-02
-3.044238984584808350e-01
-2.692447900772094727e-01
-4.164345264434814453e-01
-1.885088719427585602e-02
-3.971025943756103516e-01
-3.815750479698181152e-01
-3.919476866722106934e-01
-4.259084463119506836e-01
-3.903576731681823730e-01
-6.682135164737701416e-02
-3.509329557418823242e-01
-3.351509869098663330e-01
-4.051656424999237061e-01
-4.519920647144317627e-01
-2.298834472894668579e-01
-4.051172733306884766e-01
-3.818986117839813232e-01
-6.059638261795043945e-01
-2.128159701824188232e-01
-4.229777455329895020e-01
-3.913899362087249756e-01
-6.353856995701789856e-03
-4.271482229232788086e-01
-4.066248834133148193e-01
-3.870705366134643555e-01
-1.420681774616241455e-01
-4.363102614879608154e-01
-3.931559622287750244e-01
-1.155641674995422363e-02
-1.376901715993881226e-01
-2.699657976627349854e-01
-1.140796616673469543e-01
-2.113743685185909271e-02
-3.514705002307891846e-01
-2.001373916864395142e-01
-2.006990760564804077e-01
-1.846177689731121063e-02
-5.257753729820251465e-01
-4.090822041034698486e-01
-1.824344098567962646e-01
-4.481332004070281982e-01
-3.680633902549743652e-01
-5.380843281745910645e-01
-4.388692080974578857e-01
-1.327138692140579224e-01
-4.173163473606109619e-01
-3.839613199234008789e-01
-1.631836290471255779e-03
-1.422245055437088013e-01
-2.857699096202850342e-01
-1.938067674636840820e-01
-2.711247205734252930e-01
-3.347764909267425537e-01
-3.975321948528289795e-01
-3.235790133476257324e-01
-5.276722908020019531e-01
-1.940065175294876099e-01
-1.461745053529739380e-02
-3.535035550594329834e-01
-7.796911895275115967e-02
-2.866177260875701904e-01
-2.626746594905853271e-01
-8.609243482351303101e-02
-3.692629039287567139e-01
-4.470753669738769531e-01
-2.437418252229690552e-01
-2.642009854316711426e-01
-2.126473560929298401e-02
-3.758908212184906006e-01
-6.924492307007312775e-03
-2.870800793170928955e-01
-2.168862223625183105e-01
-1.660226583480834961e-01
-3.974530696868896484e-01
-3.622906804084777832e-01
-4.466653168201446533e-01
-3.715610206127166748e-01
-3.433716297149658203e-01
-4.809095263481140137e-01
-3.519944548606872559e-01
-4.039430022239685059e-01
-2.951739430427551270e-01
-2.986379265785217285e-01
-3.265883624553680420e-01
-4.161113202571868896e-01
-4.091418087482452393e-01
-3.826912343502044678e-01
-4.300808310508728027e-01
-4.075393378734588623e-01
-4.902197122573852539e-01
-3.523827493190765381e-01
-1.879237145185470581e-01
-4.286192059516906738e-01
-3.878920078277587891e-01
-2.296479046344757080e-01
-2.238656282424926758e-01
2.162370597943663597e-03
-1.076293513178825378e-01
-3.230461776256561279e-01
-4.142986238002777100e-01
-2.495492845773696899e-01
-4.081420600414276123e-01
-3.825655579566955566e-01
-4.670304954051971436e-01
-3.397742509841918945e-01
-4.254526495933532715e-01
-4.150995016098022461e-01
-2.501483559608459473e-01
-3.140431642532348633e-01
-3.827582597732543945e-01
-3.871657326817512512e-02
-3.221078217029571533e-01
-1.769092828035354614e-01
-3.686540722846984863e-01
-1.097090169787406921e-01
-7.538769841194152832e-01
-1.672778837382793427e-02
-3.840805590152740479e-01
-4.288778007030487061e-01
-9.839078783988952637e-02
-3.894537985324859619e-01
-4.563351571559906006e-01
-3.270240724086761475e-01
-3.412099182605743408e-01
-2.090411931276321411e-01
-4.551936388015747070e-01
-6.575642824172973633e-01
-5.885025262832641602e-01
-5.498163700103759766e-01
-3.664579689502716064e-01
-3.495824635028839111e-01
-4.129303693771362305e-01
-3.628692328929901123e-01
-3.638859391212463379e-01
-3.962042555212974548e-02
-4.128034114837646484e-01
-2.297228425741195679e-01
-1.885401010513305664e-01
-2.714478969573974609e-01
-2.736533582210540771e-01
-2.637421488761901855e-01
-8.412387222051620483e-03
-3.134598135948181152e-01
-4.254147410392761230e-01
-2.580685615539550781e-01
-1.593834608793258667e-01
-6.867237389087677002e-03
-4.245596826076507568e-01
-3.927665352821350098e-01
-4.147818386554718018e-01
-1.863711327314376831e-01
-1.525476872920989990e-01
-4.191760718822479248e-01
-3.763400912284851074e-01
-3.363632857799530029e-01
-2.968296408653259277e-01
-2.404688894748687744e-01
-3.485770821571350098e-01
-4.609038829803466797e-01
-3.460516929626464844e-01
-1.762566119432449341e-01
-3.804562389850616455e-01
-4.013271331787109375e-01
-3.673710525035858154e-01
-3.511749804019927979e-01
-4.435115158557891846e-01
-1.209209486842155457e-01
-3.864735066890716553e-01
-2.940628826618194580e-01
-6.834133267402648926e-01
-9.525259956717491150e-03
-2.789639234542846680e-01
-1.937662512063980103e-01
-3.511854112148284912e-01
-3.278296291828155518e-01
-3.985053598880767822e-01
-5.534324049949645996e-01
-4.884514212608337402e-01
-8.275672197341918945e-01
-2.649651169776916504e-01
-5.392604470252990723e-01
-3.405794799327850342e-01
-3.639500141143798828e-01
-1.711058765649795532e-01
-6.796978712081909180e-01
-3.633694052696228027e-01
-4.117247462272644043e-01
-2.852755784988403320e-01
-1.696555316448211670e-02
-4.486004412174224854e-01
-3.034527301788330078e-01
-3.049158453941345215e-01
-3.877041935920715332e-01
-2.498399317264556885e-01
-9.713587351143360138e-03
-3.437755703926086426e-01
4.642533138394355774e-02
-1.172796357423067093e-02
1.582337543368339539e-02
-2.786473929882049561e-02
-3.650083541870117188e-01
-4.543765485286712646e-01
-2.969723045825958252e-01
-2.567626833915710449e-01
-8.825297467410564423e-03
-4.220591485500335693e-01
5.716556683182716370e-03
-3.527179658412933350e-01
-4.247700870037078857e-01
-3.846400678157806396e-01
-7.855988107621669769e-03
-4.203446805477142334e-01
-4.205310046672821045e-01
-3.962000012397766113e-01
-3.032788336277008057e-01
-9.119976311922073364e-02
-4.226921498775482178e-01
-5.333284288644790649e-02
-4.142638444900512695e-01
-3.092294633388519287e-01
-4.288784265518188477e-01
-3.638488054275512695e-01
-3.945295512676239014e-01
-3.270252048969268799e-01
-1.994782537221908569e-01
-6.497602462768554688e-01
-4.904403090476989746e-01
-3.720830082893371582e-01
-5.668308734893798828e-01
-6.265974044799804688e-02
-5.068238973617553711e-01
-4.811479747295379639e-01
-1.825783848762512207e-01
-9.113396517932415009e-03
-4.637799263000488281e-01
-4.216918647289276123e-01
-3.965190649032592773e-01
-1.551310420036315918e-01
-4.577562808990478516e-01
-1.873339265584945679e-01
-3.524807095527648926e-01
-3.556079268455505371e-01
-3.385635316371917725e-01
-4.254815280437469482e-01
-2.625378370285034180e-01
-3.528695404529571533e-01
-3.548688590526580811e-01
-4.080390632152557373e-01
-3.838334977626800537e-01
-4.847127795219421387e-01
-2.162111848592758179e-01
-4.632917046546936035e-01
-3.953453600406646729e-01
-2.397689968347549438e-01
-4.286581873893737793e-01
-4.099550247192382812e-01
-1.344153285026550293e-01
-3.765521645545959473e-01
-4.151005446910858154e-01
-5.664526820182800293e-01
-5.196720361709594727e-01
-4.041159152984619141e-01
-2.634808421134948730e-01
-1.445227265357971191e-01
-2.182571738958358765e-01
-4.189785122871398926e-01
-4.466270506381988525e-01
-3.695266544818878174e-01
-2.550749480724334717e-01
-3.861122131347656250e-01
-3.204909265041351318e-01
-4.365916550159454346e-01
-4.737572073936462402e-01
-4.506061971187591553e-01
-3.054620623588562012e-01
-4.046755433082580566e-01
-2.747492492198944092e-01
-3.672939538955688477e-01
-2.989593446254730225e-01
-1.511132568120956421e-01
-4.678138196468353271e-01
-2.370667411014437675e-03
-3.799162805080413818e-01
-3.894647657871246338e-01
-3.436221182346343994e-01
-1.190881207585334778e-01
-4.317726492881774902e-01
-4.874168932437896729e-01
-3.787047863006591797e-01
-7.124645113945007324e-01
-7.381581068038940430e-01
-1.918928772211074829e-01
-4.363836944103240967e-01
-7.958487607538700104e-03
-4.291918277740478516e-01
-2.981069982051849365e-01
-5.940712690353393555e-01
-4.430314600467681885e-01
-1.235475111752748489e-02
-4.775585532188415527e-01
-4.034065306186676025e-01
-1.872313171625137329e-01
-3.021085858345031738e-01
-6.197870969772338867e-01
-7.711791433393955231e-03
-4.079823493957519531e-01
-1.619529724121093750e-01
-2.983184158802032471e-01
-3.551731109619140625e-01
-3.007041513919830322e-01
-1.532702986150979996e-02
-4.814767539501190186e-01
-4.115734696388244629e-01
-1.215580105781555176e-02
-4.399026334285736084e-01
-7.771461457014083862e-02
-3.798227608203887939e-01
-4.582738876342773438e-01
-3.763260543346405029e-01
-5.095099806785583496e-01
-2.830822765827178955e-01
-3.139372467994689941e-01
-4.313424825668334961e-01
-4.571340978145599365e-01
-4.315584897994995117e-01
-7.817172259092330933e-02
-1.651889234781265259e-01
-3.752748370170593262e-01
-4.954503476619720459e-02
-3.498392999172210693e-01
-4.547182321548461914e-01
-4.318666756153106689e-01
-2.978136837482452393e-01
-1.797157526016235352e-01
-3.281913101673126221e-01
-2.971442043781280518e-01
-4.729505181312561035e-01
-5.325792431831359863e-01
-7.697981595993041992e-02
-3.036847412586212158e-01
-3.425808548927307129e-01
-6.211255192756652832e-01
-4.767904877662658691e-01
-2.043749094009399414e-01
-2.514573633670806885e-01
-4.031026065349578857e-01
-3.544380962848663330e-01
-3.502891659736633301e-01
-3.870581984519958496e-01
-3.925656676292419434e-01
-3.493305146694183350e-01
-4.933920502662658691e-01
-2.350444048643112183e-01
-3.676808774471282959e-01
-2.356784641742706299e-01
-4.530115127563476562e-01
-3.176842331886291504e-01
-3.106651902198791504e-01
-3.784232437610626221e-01
-4.087064564228057861e-01
-4.171987473964691162e-01
-5.955517888069152832e-01
-5.540580153465270996e-01
-3.249858617782592773e-01
-3.666900098323822021e-01
-5.120062734931707382e-03
-3.264960944652557373e-01
-3.876287341117858887e-01
-5.940321087837219238e-01
-1.212313324213027954e-01
-3.515982031822204590e-01
-2.488744109869003296e-01
-2.818204760551452637e-01
-4.456952214241027832e-01
-1.669567525386810303e-01
-3.741634190082550049e-01
-2.791906297206878662e-01
-3.430172801017761230e-01
-3.926180899143218994e-01
-1.038303598761558533e-02
-4.462393224239349365e-01
-3.935007750988006592e-01
-3.575520515441894531e-01
-3.681484162807464600e-01
-6.662728264927864075e-03
-2.470576465129852295e-01
-2.256206870079040527e-01
-4.701390862464904785e-01
-3.828946053981781006e-01
-4.566461741924285889e-01
-5.298633575439453125e-01
-3.813854753971099854e-01
-3.934431076049804688e-01
-5.099876523017883301e-01
-3.060331940650939941e-01
-3.000178933143615723e-01
-4.800645411014556885e-01
-3.453154265880584717e-01
-1.400064677000045776e-01
-1.374576427042484283e-02
-4.711018204689025879e-01
-5.826343894004821777e-01
-5.441020131111145020e-01
-3.630062043666839600e-01
-4.526473283767700195e-01
-2.331761121749877930e-01
-2.949388027191162109e-01
-5.843122005462646484e-01
-2.914835214614868164e-01
-1.367435604333877563e-01
-4.313703775405883789e-01
-4.404582679271697998e-01
-4.510191082954406738e-01
-5.222176313400268555e-01
-4.787410795688629150e-02
-3.008350133895874023e-01
-1.466480363160371780e-02
-4.187316000461578369e-01
-4.582710266113281250e-01
-4.199241101741790771e-01
5.091208592057228088e-02
-4.001269638538360596e-01
-6.004694849252700806e-02
-3.710468411445617676e-01
-3.005931675434112549e-01
-3.081037700176239014e-01
-4.597860574722290039e-01
-1.452187448740005493e-02
-5.886992216110229492e-01
-9.687445312738418579e-02
-4.310989379882812500e-01
-1.806523203849792480e-01
-2.865252494812011719e-01
-5.436218976974487305e-01
-6.876966953277587891e-01
-4.824271798133850098e-01
-4.110575616359710693e-01
-4.717291891574859619e-01
-9.427866339683532715e-02
-4.101434946060180664e-01
-4.271398186683654785e-01
-4.093496501445770264e-01
-3.956105411052703857e-01
-5.977031588554382324e-01
-3.319881260395050049e-01
-4.961905479431152344e-01
-2.613082528114318848e-01
-4.350751340389251709e-01
-3.393919467926025391e-01
-3.688895702362060547e-01
-3.422895073890686035e-01
-2.535453438758850098e-01
-3.406530022621154785e-01
-7.473590970039367676e-02
-4.231474399566650391e-01
-4.577079117298126221e-01
-2.919598817825317383e-01
-3.811899125576019287e-01
-3.823128640651702881e-01
-3.605924546718597412e-01
-4.436829388141632080e-01
-4.168125987052917480e-01
-3.904523253440856934e-01
-2.157546579837799072e-01
-4.504615664482116699e-01
-3.481193482875823975e-01
-3.393676877021789551e-01
-2.184617519378662109e-01
-4.617253541946411133e-01
-3.042516410350799561e-01
-6.527753919363021851e-02
-4.501124918460845947e-01
-3.008465468883514404e-01
-4.061996340751647949e-01
-5.040762424468994141e-01
-2.903655767440795898e-01
-1.370864547789096832e-02
-5.322539806365966797e-01
-3.269488215446472168e-01
-1.850549429655075073e-01
-4.743456244468688965e-01
-2.104954980313777924e-02
-3.481877744197845459e-01
-3.234178423881530762e-01
-3.452968299388885498e-01
-5.943139195442199707e-01
-2.157344818115234375e-01
-3.849141001701354980e-01
-5.590537190437316895e-01
-3.885965049266815186e-01
-3.826247751712799072e-01
-5.385371446609497070e-01
-4.084278345108032227e-01
-3.984339833259582520e-01
-4.165112078189849854e-01
-2.976038753986358643e-01
-4.852159917354583740e-01
-1.902491413056850433e-02
-3.778614699840545654e-01
-4.402411878108978271e-01
-3.764121830463409424e-01
-4.131965637207031250e-01
-2.020746469497680664e-02
-5.247858166694641113e-01
-2.031850665807723999e-01
-3.438906669616699219e-01
-3.825798928737640381e-01
-3.434473276138305664e-01
-6.145353317260742188e-01
-4.464475810527801514e-01
-3.337903022766113281e-01
-3.381121158599853516e-01
-3.956876695156097412e-01
-2.960450351238250732e-01
-3.887325525283813477e-01
-5.557436943054199219e-01
-4.400963485240936279e-01
-3.428691923618316650e-01
-2.690245211124420166e-02
-1.535532474517822266e-01
-4.839760065078735352e-01
-7.258868217468261719e-01
-3.993826508522033691e-01
-4.827925860881805420e-01
-7.123482972383499146e-02
-3.988804519176483154e-01
-2.403448522090911865e-01
-5.943236947059631348e-01
-3.296436071395874023e-01
-3.438519835472106934e-01
-3.148351907730102539e-01
-2.189285866916179657e-02
-1.048745810985565186e-01
-3.994551301002502441e-01
-5.112895965576171875e-01
-3.533873558044433594e-01
-3.092070519924163818e-01
-1.693087816238403320e-01
-4.515239596366882324e-01
-2.235561758279800415e-01
-4.571929574012756348e-01
-4.013735353946685791e-01
-4.885652661323547363e-01
-3.972344398498535156e-01
-3.660202026367187500e-01
-5.370702594518661499e-02
-1.640641503036022186e-02
-2.567818164825439453e-01
-3.517174422740936279e-01
-1.026724576950073242e-01
-1.504422724246978760e-01
-3.971304595470428467e-01
-4.056927561759948730e-01
-3.887233734130859375e-01
-4.452446699142456055e-01
-4.515667855739593506e-01
-7.822030223906040192e-03
-3.707240819931030273e-01
-3.556334078311920166e-01
5.837314575910568237e-02
-3.600163757801055908e-01
-3.016174733638763428e-01
-2.460359781980514526e-01
-3.667342364788055420e-01
-1.943541467189788818e-01
-2.486029118299484253e-01
-3.721563518047332764e-01
-3.682574629783630371e-02
-2.690862119197845459e-01
-3.068014085292816162e-01
-4.054459333419799805e-01
-3.889726996421813965e-01
-3.398444056510925293e-01
-2.512757182121276855e-01
-4.603787660598754883e-01
-3.594664335250854492e-01
-8.629701733589172363e-01
-4.556260406970977783e-01
-6.179698705673217773e-01
-6.559173017740249634e-02
-3.125065565109252930e-01
-3.411919772624969482e-01
-4.617120623588562012e-01
3.976375237107276917e-02
-3.629297614097595215e-01
-2.679835557937622070e-01
-4.360312819480895996e-01
-2.312224209308624268e-01
-3.254705071449279785e-01
-5.460925102233886719e-01
-2.530667483806610107e-01
-4.762273132801055908e-01
-2.576792240142822266e-01
-6.963260769844055176e-01
-2.417902275919914246e-02
-4.386743307113647461e-01
-4.205554723739624023e-01
-3.280549049377441406e-01
-3.250480294227600098e-01
-4.258879125118255615e-01
-4.738558232784271240e-01
-4.711075723171234131e-01
-4.631533622741699219e-01
-2.456711381673812866e-01
-4.018467068672180176e-01
-3.704933226108551025e-01
-4.188835620880126953e-01
-3.579685986042022705e-01
-2.653429806232452393e-01
-3.898975253105163574e-01
-3.053702116012573242e-01
-4.888455942273139954e-02
-2.728941440582275391e-01
-3.458058834075927734e-01
-3.700514733791351318e-01
-2.659528255462646484e-01
-3.708514869213104248e-01
-4.636165499687194824e-01
-3.072404563426971436e-01
-3.598258197307586670e-01
-4.243451654911041260e-01
-3.046279549598693848e-01
-3.332111239433288574e-01
-2.834336161613464355e-01
-4.190250039100646973e-01
-4.326913654804229736e-01
-4.037032425403594971e-01
-2.448068261146545410e-01
-3.807554841041564941e-01
-9.445463120937347412e-02
-1.249195858836174011e-01
-4.301509559154510498e-01
-4.705694317817687988e-01
-3.418176472187042236e-01
-5.589872598648071289e-01
-6.359848976135253906e-01
-3.538734614849090576e-01
-3.692510128021240234e-01
-1.811665743589401245e-01
-2.465367317199707031e-01
-2.122758924961090088e-01
-5.408815145492553711e-01
-2.291342765092849731e-01
-3.541693985462188721e-01
-4.196999967098236084e-01
-4.392828643321990967e-01
-3.711012601852416992e-01
-2.818030714988708496e-01
-6.796059608459472656e-01
-3.605444729328155518e-01
-3.352194651961326599e-02
-4.406743943691253662e-01
-3.202180564403533936e-01
-5.173648595809936523e-01
-4.367958307266235352e-01
-5.488466024398803711e-01
-3.787722289562225342e-01
-4.597746431827545166e-01
-2.980361282825469971e-01
-5.686975717544555664e-01
-3.185282349586486816e-01
-3.487975299358367920e-01
-4.705874621868133545e-01
-3.513107001781463623e-01
-2.777607552707195282e-02
-1.413950230926275253e-02
-4.844557940959930420e-01
-4.034442603588104248e-01
-3.406532108783721924e-01
-4.604714512825012207e-01
5.330682173371315002e-02
-2.215233892202377319e-01
-3.873682022094726562e-01
-9.596808813512325287e-03
-4.171701371669769287e-01
-4.042365252971649170e-01
-3.919934332370758057e-01
-2.644772529602050781e-01
-3.590951859951019287e-01
-3.138471245765686035e-01
5.447629839181900024e-02
-2.759594321250915527e-01
-5.006825327873229980e-01
-3.807194530963897705e-01
-8.691018819808959961e-02
-2.350367307662963867e-01
-3.351742625236511230e-01
-4.125982522964477539e-01
-1.731189638376235962e-01
-3.951090276241302490e-01
-2.807410061359405518e-01
-3.230020701885223389e-01
-4.082495868206024170e-01
-3.259985744953155518e-01
-2.785721123218536377e-01
5.147423222661018372e-02
-3.296222090721130371e-01
-3.629110455513000488e-01
-4.882115721702575684e-01
-2.826144695281982422e-01
-4.386107921600341797e-01
-3.621727526187896729e-01
-4.859014749526977539e-01
-3.700012862682342529e-01
-1.119952127337455750e-01
-4.299036785960197449e-02
-1.040965504944324493e-02
-3.151836991310119629e-01
-5.759033560752868652e-01
-3.959755599498748779e-01
-4.486904740333557129e-01
-7.518010735511779785e-01
-4.221807122230529785e-01
-3.965538740158081055e-01
-3.413769304752349854e-01
-3.437638282775878906e-01
-5.459142923355102539e-01
-1.132452860474586487e-02
-3.951999545097351074e-01
-4.033694565296173096e-01
-3.656467497348785400e-01
-5.119929909706115723e-01
-3.401072025299072266e-01
-4.554766118526458740e-01
-3.317268788814544678e-01
-2.798975110054016113e-01
-3.929249569773674011e-02
-4.834021441638469696e-03
-3.481939435005187988e-01
-5.209519863128662109e-01
-5.194050669670104980e-01
-7.106425166130065918e-01
-4.025193750858306885e-01
-4.445986449718475342e-01
-3.208620548248291016e-01
-1.770152598619461060e-01
-7.751718163490295410e-03
-4.198488295078277588e-01
-1.278865486383438110e-01
-4.562743008136749268e-01
-3.518951535224914551e-01
-4.246318042278289795e-01
-4.538230895996093750e-01
-3.488332033157348633e-01
-4.472875893115997314e-01
-1.024864390492439270e-01
-4.677549302577972412e-01
-3.881288468837738037e-01
-3.642167448997497559e-01
-4.250559806823730469e-01
-3.882152140140533447e-01
-4.985452815890312195e-02
-4.178248047828674316e-01
-4.804917871952056885e-01
-2.465416491031646729e-01
-5.038855075836181641e-01
-9.477056562900543213e-02
-3.798933029174804688e-01
-4.064944684505462646e-01
