1.971746683120727539e-01
-5.198839306831359863e-02
2.402050048112869263e-01
-4.887626972049474716e-03
-6.069162115454673767e-02
-1.215685233473777771e-01
8.449847996234893799e-02
-2.911568582057952881e-01
-1.021735668182373047e+00
-3.028794391939787500e-13
-1.795183867216110229e-01
-2.151715308427810669e-01
7.415748387575149536e-02
2.291243225336074829e-01
-1.817543506622314453e-01
-6.603933572769165039e-01
1.475917175412178040e-02
-2.464299649000167847e-01
7.147609591484069824e-01
-3.296805495267562947e-09
1.092068776488304138e-01
-6.339271749311592430e-06
-5.662860870361328125e-01
-2.896078228950500488e-01
-2.002403885126113892e-01
-2.266307026147842407e-01
-7.846797234378755093e-05
-1.172923296689987183e-01
2.066965997219085693e-01
2.325986772775650024e-01
-1.053751446306705475e-03
-9.203960001468658447e-02
-6.388146175595466048e-06
-7.957767844200134277e-01
-9.368660449981689453e-01
-1.496811658143997192e-01
-2.761247456073760986e-01
-2.141723531319431175e-22
-3.868432343006134033e-01
1.147467046976089478e-01
-9.033171087503433228e-02
-4.275317303836345673e-03
2.130057960748672485e-01
-7.184654474258422852e-02
-3.965945914387702942e-02
-1.898952275514602661e-01
-5.099210739135742188e-01
4.480725526809692383e-01
1.885436177253723145e-01
-2.339020743966102600e-02
-6.931235641241073608e-02
-5.154439806938171387e-01
-9.582413733005523682e-02
-2.286134362220764160e-01
-4.273922671613585941e-21
-1.095422077924013138e-02
-8.471495509147644043e-01
-2.119410187005996704e-01
-8.479858934879302979e-02
-8.500270843505859375e-01
-6.890650093555450439e-02
-5.510386824607849121e-01
-2.614868879318237305e-01
-2.878924608230590820e-01
-1.560971736907958984e-01
-1.446612179279327393e-01
-7.467874884605407715e-02
-3.380921031418543388e-13
-2.586688613519072533e-03
-1.816717982292175293e-01
-1.009751632809638977e-01
-1.114719659090042114e-01
5.770853161811828613e-01
-8.071324974298477173e-02
7.475294917821884155e-02
-1.516369823366403580e-02
-8.451960682868957520e-01
-8.603078722953796387e-01
-2.545839524827897549e-04
-2.337214648723602295e-01
8.828084915876388550e-02
1.988206431269645691e-02
-7.461209595203399658e-02
-1.773027032613754272e-01
-1.927434504032135010e-01
4.404938220977783203e-01
1.706538945436477661e-01
-4.488151669502258301e-01
-1.112710714340209961e+00
-3.478868901729583740e-01
3.863678500056266785e-02
2.604417204856872559e-01
1.790791600942611694e-01
-4.830674454569816589e-02
-3.538763821125030518e-01
8.316985517740249634e-02
5.555557012557983398e-01
2.517721354961395264e-01
-9.262136220932006836e-01
-4.354634881019592285e-01
-1.797077357769012451e-01
-4.810431972146034241e-02
-1.438822597265243530e-01
-2.899351855580932681e-21
-1.477571874856948853e-01
-1.587203890085220337e-01
-4.381895065307617188e-01
-2.948189079761505127e-01
-1.534974575042724609e-01
-1.288002282381057739e-01
-1.568132080137729645e-02
-3.689495623111724854e-01
-3.520168689874481061e-08
-1.952657699584960938e-01
-4.524980857968330383e-02
-5.685217976570129395e-01
1.933672875165939331e-01
5.281344652175903320e-01
-1.915232837200164795e-01
-2.144686877727508545e-02
-2.167790979146957397e-01
9.914713352918624878e-02
-2.808980643749237061e-01
-1.097308248281478882e-01
-5.188345313072204590e-01
-1.622722744941711426e-01
-2.633438110351562500e-01
-3.673899471759796143e-01
-5.359364748001098633e-01
2.595426701009273529e-02
-2.130636572837829590e-01
-1.135075613856315613e-01
-2.222013771533966064e-01
-7.056254148483276367e-01
-4.585845768451690674e-01
-1.629631221294403076e-01
-8.565741009078919888e-04
-5.557025969028472900e-02
-1.344687044620513916e-01
-1.107826754450798035e-01
-2.703198194503784180e-01
-8.673952817916870117e-01
-4.343441162291128421e-09
-2.249538451433181763e-01
-6.794448941946029663e-02
-3.213911652565002441e-01
-9.139217436313629150e-02
-7.470945827662944794e-03
-1.202650040102101747e-13
1.533594429492950439e-01
-2.224452197551727295e-01
-1.432528346776962280e-01
6.948140263557434082e-02
-4.431568458676338196e-02
-1.381846830794401805e-19
-1.790915131568908691e-01
-8.815669268369674683e-02
-5.167034355935129497e-09
-2.136090211570262909e-02
-1.213551610708236694e-01
-1.773108094930648804e-01
-2.621396183967590332e-01
-9.409662485122680664e-01
-4.947086274623870850e-01
-5.904249548912048340e-01
-1.875808387994766235e-01
1.366293281316757202e-01
-2.509922569911899915e-17
-1.613430678844451904e-01
-2.459339424967765808e-02
-4.501588046550750732e-01
-9.553918987512588501e-02
-6.536717712879180908e-02
2.784785628318786621e-01
-1.984364092350006104e-01
1.812582463026046753e-01
-3.700230121612548828e-01
-7.997529506683349609e-01
-9.964418716729457376e-27
-4.757227597962376819e-12
-4.689241051673889160e-01
-7.662786543369293213e-02
-1.471994668245315552e-01
-1.205731928348541260e-01
3.356227576732635498e-01
-7.407618314027786255e-02
1.541432589292526245e-01
-2.628755271434783936e-01
-9.689907431602478027e-01
-1.137907728552818298e-01
-9.137840569019317627e-02
-1.891956320938548584e-33
-3.122306242585182190e-02
-6.347925215959548950e-02
1.925076395273208618e-01
3.647101297974586487e-02
-8.661971986293792725e-02
-4.545801132917404175e-02
-8.902282267808914185e-02
-5.406476184725761414e-02
-3.561476469039916992e-01
-1.132387593388557434e-01
-2.651078701019287109e-01
-5.304777994751930237e-02
-1.034613132476806641e+00
-4.293028414249420166e-01
-3.071252405643463135e-01
3.086135983467102051e-01
-5.526148900389671326e-02
-1.939450204372406006e-01
-7.600072026252746582e-02
-8.221883773803710938e-01
-1.450587213039398193e-01
1.109041422605514526e-01
1.458760946989059448e-01
5.347006320953369141e-01
-8.634923100471496582e-01
-2.456018775701522827e-01
-6.921506435082465727e-16
-5.276126861572265625e-01
-2.346254700941186044e-13
-5.024426579475402832e-01
-1.006619811058044434e+00
-6.730020046234130859e-01
-2.587653882801532745e-02
-5.949649587273597717e-02
-9.686060994863510132e-02
-5.585355684161186218e-02
-1.029590144753456116e-01
1.685334891080856323e-01
6.765181571245193481e-02
6.526838243007659912e-02
3.206076920032501221e-01
8.314730226993560791e-02
-1.881985944862663018e-08
-3.307775557041168213e-01
-2.861451730132102966e-02
-7.985913008451461792e-02
-1.841282844543457031e-01
-1.032794043421745300e-01
-4.739066958427429199e-02
-1.267730258405208588e-03
-1.084754616022109985e-01
-1.937793814299482165e-10
5.721592158079147339e-02
2.648400962352752686e-01
-2.501604512872290798e-06
-1.432902961969375610e-01
-7.723962515592575073e-02
-1.183285787701606750e-01
-3.782245621550828218e-04
-6.715559363365173340e-01
-8.824014663696289062e-02
-2.100342698395252228e-02
-4.230409264564514160e-01
-8.386921882629394531e-01
-3.629138767719268799e-01
-2.326019853353500366e-01
-2.003921399591490626e-04
-4.217202961444854736e-02
-6.227211315490421839e-07
-4.015569411816750922e-14
-5.782278254628181458e-02
1.782864890992641449e-02
-9.947209060192108154e-02
-4.420858323574066162e-01
-1.151178404688835144e-01
1.513712853193283081e-01
-1.525375545024871826e-01
-1.639655465623945929e-06
-1.598673015832901001e-01
-4.482407778283459265e-10
-5.044784847996197641e-05
-1.578607410192489624e-01
-1.389395296573638916e-01
1.828916221857070923e-01
-2.386284321546554565e-01
-1.255092173814773560e-01
-9.172041900455951691e-04
9.722108952701091766e-03
-9.282551705837249756e-02
-6.007559299468994141e-01
-1.215488687157630920e-01
3.387911245226860046e-02
-1.135072559118270874e-01
-2.318778038024902344e-01
-1.743187606334686279e-01
-2.159286141395568848e-01
-9.134799987077713013e-02
-3.295243680477142334e-01
-2.312450669705867767e-02
8.303734660148620605e-02
-1.170985773205757141e-01
-1.731523279622961941e-16
2.124109268188476562e-01
-7.373511046171188354e-02
1.084105670452117920e-01
-1.465263683348894119e-02
-2.444203197956085205e-01
1.694431602954864502e-01
-2.771519973521208158e-07
-1.355452388525009155e-01
1.041146218776702881e-01
-3.972202648583333939e-06
-4.568371176719665527e-01
-1.260289400815963745e-01
-1.697346568107604980e-01
-3.290407657623291016e-01
-6.440603733062744141e-01
-3.091466426849365234e-01
-4.450234174728393555e-01
-4.506441655394155532e-07
-6.727341413497924805e-01
-2.531770037755021486e-21
-3.620988231478605712e-11
-1.189593002200126648e-01
2.927625477313995361e-01
-4.838934540748596191e-02
5.529562756419181824e-02
-7.458844208940718090e-08
3.070601522922515869e-01
-8.918736129999160767e-02
-6.191154196858406067e-02
-1.053107529878616333e-01
-1.456361609086798126e-08
-9.928222745656967163e-03
-9.338204562664031982e-02
-6.191004812717437744e-02
-3.027607798576354980e-01
-4.960724711418151855e-01
-4.713868371027584922e-15
-1.627717161056807527e-08
-5.211935043334960938e-01
-5.170017480850219727e-01
-7.717983424663543701e-02
2.386902123689651489e-01
-1.778395175933837891e-01
-1.425115615129470825e-01
-1.264017925216549375e-19
-3.053586483001708984e-01
-9.195521473884582520e-02
-9.567438066005706787e-02
-1.071382641792297363e+00
-2.560538798570632935e-02
-6.198465228080749512e-01
-2.241843044757843018e-01
-6.009606271982192993e-02
-2.219441235065460205e-01
8.164345473051071167e-02
-1.377969384193420410e-01
1.740816682577133179e-01
-2.272471219446486890e-13
-5.097254738211631775e-02
-2.285145968198776245e-01
-1.673077493906021118e-01
-3.526004379436464694e-21
-9.616803526878356934e-01
2.832271754741668701e-01
-1.367581188678741455e-01
-1.841297149658203125e-01
-1.185321435332298279e-01
-9.958124905824661255e-02
3.433953598141670227e-02
-7.723849415779113770e-01
-1.175237121060490608e-03
-1.493286639451980591e-01
-9.518290758132934570e-01
2.533395774662494659e-02
-2.183451801538467407e-01
-9.146092832088470459e-02
-8.969938755035400391e-02
-1.258482486009597778e-01
-5.613585561513900757e-02
-1.329607814550399780e-01
-1.642215996980667114e-02
-2.583161462510474848e-09
-1.291219753341010801e-08
-9.359456896781921387e-01
-3.943782448768615723e-01
-2.420250773429870605e-01
-1.208506617695093155e-02
-5.200973153114318848e-02
-4.552251398563385010e-01
-2.572821974754333496e-01
-9.740837663412094116e-02
-1.380606461316347122e-02
-1.710838973522186279e-01
-9.922643585014156997e-06
-6.397927552461624146e-02
3.871931508183479309e-02
-1.658350676298141479e-01
2.088038623332977295e-01
-1.585580036044120789e-02
-2.451641857624053955e-02
-4.990976676344871521e-02
-9.788867086172103882e-02
-1.024430468678474426e-01
-3.643744885921478271e-01
-5.634335279464721680e-01
-4.967463016510009766e-01
-1.284235715866088867e-01
-5.529433488845825195e-01
3.643133491277694702e-02
-6.184105277061462402e-01
-7.739856955595314503e-04
-1.319080591201782227e-01
2.504243552684783936e-01
-9.522645920515060425e-02
1.406851261854171753e-01
-1.948647797107696533e-01
-9.403773759686373523e-09
-1.095229610800743103e-01
-5.295722484588623047e-01
-4.125751852989196777e-01
2.892635464668273926e-01
-8.950001001358032227e-02
-1.303955763578414917e-01
-3.142620921134948730e-01
-3.406781852245330811e-01
-7.445812970399856567e-02
2.579075992107391357e-01
2.056239098310470581e-01
3.794685900211334229e-01
-2.566819489002227783e-01
8.070908486843109131e-02
-1.024081259965896606e-01
-1.315422207117080688e-01
-9.133090823888778687e-02
-7.846530526876449585e-03
1.520704776048660278e-01
-9.050287306308746338e-02
2.270192652940750122e-01
-8.986051678657531738e-01
-9.548529237508773804e-02
-1.615547686815261841e-01
-4.046471731271594763e-04
-7.045547590678324923e-06
2.314673811197280884e-01
-1.416172981262207031e-01
2.271047085523605347e-01
-2.795612381305545568e-04
-6.045750379562377930e-01
-2.284600585699081421e-01
-2.218541353940963745e-01
3.106662072241306305e-02
-1.479235757142305374e-02
-2.680297493934631348e-01
-8.585554957389831543e-01
-1.422988483682274818e-03
-7.751051336526870728e-02
-1.721280999481678009e-02
-1.814897656440734863e-01
-2.555528283119201660e-01
-1.980376541614532471e-01
-1.436381936073303223e-01
-2.999800071120262146e-02
-5.203932523727416992e-01
-8.573922514915466309e-02
-4.154583513736724854e-01
-1.316233078085815578e-08
-2.126326262950897217e-01
-4.174100458621978760e-01
-1.182451397180557251e-01
-1.285221742364228703e-06
-2.508338093757629395e-01
-2.311304677277803421e-03
-1.024481505155563354e-01
-7.882345318794250488e-01
-1.202966719865798950e-01
-1.146891191601753235e-01
-7.443373799324035645e-01
-4.665991961956024170e-01
7.703658193349838257e-02
-1.934601515531539917e-01
-1.215870771557092667e-02
-2.133772522211074829e-01
-7.961619496345520020e-01
-1.294695287942886353e-01
-1.020964980125427246e-01
5.382095277309417725e-02
-4.826020598411560059e-01
-5.527052097022533417e-03
-9.559718966484069824e-01
-1.950541436672210693e-01
1.835302859544754028e-01
1.787383295595645905e-02
-2.159953862428665161e-02
3.441837430000305176e-02
-2.336565958103165030e-04
-1.121789962053298950e-01
-1.775459796190261841e-01
-7.704190164804458618e-02
-1.455312520265579224e-01
-6.622308492660522461e-02
-5.172149091958999634e-02
-1.157474898150212539e-07
-3.205686807632446289e-01
3.094215095043182373e-01
2.312936335802078247e-01
-2.554308064281940460e-02
-9.630790352821350098e-01
-1.493805903010070324e-03
-2.514537572860717773e-01
-1.208766847848892212e-01
-5.672479867935180664e-01
-7.799302339553833008e-01
-2.605506777763366699e-02
-1.345743498859519605e-06
-2.377648502588272095e-01
-4.692609012126922607e-01
-2.752549648284912109e-01
-1.736960113048553467e-01
-1.064498350024223328e-01
-1.662098765373229980e-01
-6.160467863082885742e-01
-1.643050462007522583e-01
-1.534686307422816753e-04
-9.796538352966308594e-01
-6.332641839981079102e-02
7.354847341775894165e-02
-2.012028545141220093e-01
-7.629635334014892578e-01
3.627139031887054443e-01
-3.882633447647094727e-01
3.031290773947148409e-09
-1.256079435348510742e+00
-3.521604185152682476e-06
-1.521178632974624634e-01
-1.181465461850166321e-01
-3.790884315967559814e-01
-1.243441924452781677e-01
-5.964350566500797868e-05
-5.887829827531517062e-18
-1.023934592442234809e-14
-2.278244197368621826e-01
-9.468831866979598999e-02
-6.932005286216735840e-02
1.670419722795486450e-01
4.201450385153293610e-03
-2.300710678100585938e-01
1.500858217477798462e-01
-1.528603434562683105e-01
-1.214784476906061172e-02
-8.379361033439636230e-02
-4.832827448844909668e-01
-2.826619893312454224e-02
-1.475860923528671265e-01
-1.813295930624008179e-01
-2.754741679211747396e-08
-3.257243335247039795e-01
-7.249759882688522339e-02
-1.407834702149557415e-06
-7.574447989463806152e-02
-1.563620567321777344e-02
-2.202310711145401001e-01
-1.444773375988006592e-01
4.091308265924453735e-02
-7.705743610858917236e-02
-5.602440983057022095e-02
-1.311806013462043325e-16
-5.682281404733657837e-02
-8.283317089080810547e-02
-9.461297392845153809e-01
-5.429388494349041139e-08
-1.401431709527969360e-01
-1.332685947418212891e-01
-5.424254760146141052e-02
-1.793382763862609863e-01
1.554069668054580688e-01
-3.546167808184119696e-14
-1.745913028717041016e-01
4.870660230517387390e-02
-1.659300550818443298e-02
3.950958549976348877e-01
-1.068284675130592998e-12
3.176318481564521790e-02
-9.557712674140930176e-01
-1.625026948750019073e-02
-7.101172208786010742e-01
-5.331711173057556152e-01
-5.344518423080444336e-01
-3.975217789411544800e-02
-8.292412757873535156e-01
-8.169622719287872314e-02
-4.078232124447822571e-02
-1.046824008226394653e-01
-1.173607707023620605e-01
-7.442375272512435913e-02
-1.742041558027267456e-01
-3.454549424297681526e-10
-5.982707142829895020e-01
-5.121726393699645996e-01
1.788470000028610229e-01
-1.360602825880050659e-01
-1.407205127179622650e-03
1.339923441410064697e-01
-1.908050850033760071e-02
-7.641394138336181641e-01
-6.477199494838714600e-02
-2.525277733802795410e-01
3.425097763538360596e-01
-1.290235966444015503e-01
-1.066913366317749023e+00
-5.021306872367858887e-01
-4.314415156841278076e-02
-5.706274509429931641e-02
-7.829217612743377686e-02
1.467072963714599609e-01
1.661396622657775879e-01
-7.268296182155609131e-02
-4.533805847167968750e-01
-3.281761019024997950e-05
-5.486637353897094727e-02
-8.215287852124733559e-15
-2.832347340881824493e-02
-1.072291612625122070e+00
-1.339653730392456055e-01
-5.955915153026580811e-02
-1.832416206598281860e-01
-1.318899552288713140e-13
-6.466921418905258179e-02
-6.581510417163372040e-03
-1.650668680667877197e-01
-6.301352381706237793e-02
-1.591254174709320068e-01
-1.556998640298843384e-01
1.581345498561859131e-01
-1.548684984445571899e-01
-2.484261756762862206e-03
3.390019536018371582e-01
-2.476751804351806641e-01
-6.200953722000122070e-01
-9.063398838043212891e-01
-2.513407468795776367e-01
-2.819572985172271729e-01
-5.652267932891845703e-01
-1.392213404178619385e-01
-2.411571622259957477e-17
2.038640826940536499e-01
-1.804944477044045925e-03
1.665226966142654419e-01
-1.088513433933258057e-02
9.332134574651718140e-02
-2.783589065074920654e-02
1.105616912245750427e-01
-5.982837639749050140e-03
-9.568928927183151245e-02
-1.022912412881851196e-01
-1.088477522134780884e-01
-1.212097033858299255e-01
2.584176957607269287e-01
-1.098016539913260203e-07
3.412455320358276367e-01
-1.049151778221130371e+00
-1.044826060533523560e-01
-9.933064877986907959e-02
-4.482431113719940186e-01
-9.251859188079833984e-01
-8.314679433851779322e-08
-3.421130240894854069e-04
-8.561743497848510742e-01
-1.128062307834625244e-01
-1.752995997667312622e-01
-7.131606340408325195e-01
-2.460211515426635742e-02
-2.010831683874130249e-01
-4.282918758690357208e-03
-1.019702032208442688e-01
-4.222457706928253174e-01
8.890951983630657196e-03
5.001945793628692627e-02
-9.127924591302871704e-02
-6.406150758266448975e-02
-1.188773870468139648e+00
-7.486602757126092911e-03
-1.236633434891700745e-01
-1.160823926329612732e-01
-1.515936106443405151e-01
2.013554563745856285e-03
-9.404730371898040175e-05
-3.955191277782432735e-05
-2.714330852031707764e-01
-8.488705009222030640e-02
-1.376367769756470238e-12
-6.113224625587463379e-01
-3.168314322829246521e-02
-3.046263456344604492e-01
-1.218174956738948822e-02
-6.477884054183959961e-01
-2.022875547409057617e-01
-3.379072761163115501e-03
-7.630150765180587769e-02
6.371344923973083496e-01
-1.968131968510533625e-08
-8.481083810329437256e-02
-4.612357914447784424e-01
-1.551118344068527222e-01
-3.487741053104400635e-01
1.571244560182094574e-02
1.002050265669822693e-01
-7.919885516166687012e-01
-6.384583711624145508e-01
-2.975547313690185547e-01
-7.646837234497070312e-01
-3.617221489548683167e-02
3.094338476657867432e-01
1.917263269424438477e-01
2.669490277767181396e-01
-2.658041119575500488e-01
-1.607140004634857178e-01
-4.995432123541831970e-02
-3.428325355052947998e-01
-3.603188097476959229e-01
-9.982271790504455566e-01
-6.541354209184646606e-02
7.685085386037826538e-02
-2.899292707443237305e-01
-2.283879071474075317e-01
-6.156137958168983459e-02
-1.188286660180892795e-05
-7.720120716840028763e-03
-1.570439635543152690e-04
8.702250570058822632e-02
-2.973268926143646240e-01
-4.455710947513580322e-01
-9.652380645275115967e-02
-1.256650388240814209e-01
-7.340223984186877715e-10
-8.956217169761657715e-01
3.094754815101623535e-01
2.046893388032913208e-01
-5.804124474525451660e-02
-1.049354468705132604e-04
-4.295237362384796143e-01
-6.424910575151443481e-02
-5.841519236564636230e-01
-5.951848030090332031e-01
-2.220745831727981567e-01
-3.283279538154602051e-01
-9.781577438116073608e-02
-1.901740580797195435e-01
2.067295312881469727e-01
-2.246205657720565796e-01
-2.819543480873107910e-01
-1.113493088632822037e-02
1.213414147496223450e-01
1.511696726083755493e-01
-1.800019145011901855e-01
-6.340438840624074146e-09
-2.080628573894500732e-01
2.015369087457656860e-01
-1.786753088235855103e-01
-8.156848140060901642e-03
-2.377810180187225342e-01
2.807663977146148682e-01
9.577423334121704102e-02
-9.398920089006423950e-02
-8.841300010681152344e-02
-5.005869865417480469e-01
-5.373885035514831543e-01
-3.072149455547332764e-01
-1.169053278863430023e-02
2.102795094251632690e-01
-2.055992335081100464e-01
-9.386331588029861450e-02
-1.948275789618492126e-02
-3.074545367073780702e-22
-6.583952903747558594e-01
-2.015058249235153198e-01
-3.602560525450826390e-07
-3.344613909721374512e-01
4.087955951690673828e-01
-1.349489949643611908e-02
-2.069315910339355469e-01
1.793903112411499023e-01
-8.571509271860122681e-02
-8.481696248054504395e-02
-4.349488019943237305e-01
-9.910517930984497070e-02
3.180614858865737915e-02
-2.897110581398010254e-01
-1.172452270984649658e-01
-3.430005390825385803e-09
2.883519828319549561e-01
-2.125871032476425171e-01
1.306218951940536499e-01
-1.506866663694381714e-01
-5.948739051818847656e-01
-7.320538163185119629e-02
-2.122287005186080933e-01
-6.460464146709001299e-35
-4.835495725274085999e-03
-3.979971632361412048e-02
-2.867425680160522461e-01
8.052003383636474609e-02
-2.288937754929065704e-02
-1.206531822681427002e-01
3.567150980234146118e-02
-2.648312151432037354e-01
1.414563655853271484e-01
-4.815166789740032982e-07
-1.382051035761833191e-02
-1.323202610015869141e+00
-5.207271575927734375e-01
5.628785490989685059e-02
-7.791901230812072754e-01
-4.957005292349769832e-12
-1.401172671467065811e-02
-2.687365980818867683e-03
-4.992213216610252857e-04
-1.559127867221832275e-01
-1.511450260877609253e-01
-1.901121343683698228e-10
-7.758620977401733398e-01
-1.189238801598548889e-01
-4.134514331817626953e-01
-2.982886135578155518e-01
1.613945513963699341e-02
-8.514757752418518066e-01
-7.046789526939392090e-01
-4.282139707356691360e-03
-1.022534370422363281e-01
-1.046431660652160645e-01
-1.939575672149658203e-01
-5.154645442962646484e-01
-1.280617266893386841e-01
-1.673158705234527588e-01
2.285906523466110229e-01
-4.787329211831092834e-02
3.544952869415283203e-01
4.503908157348632812e-01
-8.476433157920837402e-02
-6.645520925521850586e-01
-2.554634511470794678e-01
-7.677717506885528564e-02
-8.902493864297866821e-02
-6.856627464294433594e-01
-1.351342499256134033e-01
-1.115095540881156921e-01
-7.104215025901794434e-02
-4.495752602815628052e-02
-1.838045567274093628e-01
-2.309856265783309937e-01
-1.836864352226257324e-01
-2.588744461536407471e-02
9.652840346097946167e-02
-6.866418570280075073e-02
-1.021248325705528259e-01
4.355510473251342773e-01
-3.259342518102670283e-10
-9.019261002540588379e-01
-7.170015573501586914e-01
-1.398617029190063477e-01
-2.101413905620574951e-01
-1.589524149894714355e-01
-6.217792034149169922e-01
-3.958080974086897186e-09
-3.291403651237487793e-01
-5.738249847464879259e-17
-5.763431191444396973e-01
-4.548774957656860352e-01
-1.492307037115097046e-01
-6.835086941719055176e-01
-1.176935955882072449e-01
-1.394143793731927872e-03
-5.316299572587013245e-02
-3.318929346278309822e-03
-1.904266029596328735e-01
-1.053802669048309326e-01
-6.219486705958843231e-03
-4.637343585491180420e-01
-8.149421811103820801e-01
-3.042852971702814102e-03
-3.195838630199432373e-02
1.492569223046302795e-02
-9.178650975227355957e-01
-1.000420749187469482e-01
-2.686347812414169312e-02
-2.466396391391754150e-01
-7.858838886022567749e-02
-9.800582379102706909e-02
-4.609746858477592468e-02
-5.470060404633159123e-09
-1.439445912837982178e-01
2.974708378314971924e-01
-6.355486512184143066e-01
-1.380560221150517464e-03
-9.992272406816482544e-02
-2.473832368850708008e-01
1.188616976141929626e-01
-5.379424594035946139e-14
3.122096061706542969e-01
-4.203183203935623169e-02
-1.493832617998123169e-01
-2.292045110152685083e-06
-7.230716198682785034e-02
-4.508239403367042542e-02
-7.111696004867553711e-01
-6.633752584457397461e-01
-1.733075529336929321e-01
-3.402479705982841551e-05
-3.322946373373270035e-03
2.626585662364959717e-01
-7.359258830547332764e-02
-5.177851915359497070e-01
-3.731115686884422016e-22
-3.521119952201843262e-01
1.542523410171270370e-02
-4.625677944228704890e-18
-1.930747479200363159e-01
-4.845831169333316816e-32
-2.202994674444198608e-01
-1.491089314222335815e-01
-2.245309224235825241e-05
-5.971676204353570938e-03
-2.831604182720184326e-01
2.662275433540344238e-01
3.868442773818969727e-01
-4.620154798030853271e-01
-8.765741222305223346e-05
-6.887887418270111084e-02
3.719937503337860107e-01
-1.952782869338989258e-01
-2.030366212129592896e-01
-2.316831611096858978e-02
1.888083219528198242e-01
9.442373365163803101e-02
-6.869227290153503418e-01
2.940616011619567871e-02
-6.842185258865356445e-01
-7.269510626792907715e-02
-7.571923732757568359e-02
-1.829047650098800659e-01
-2.767401039600372314e-01
-1.586092114448547363e-01
-4.791918396949768066e-01
-3.114233314990997314e-01
-5.442917245090939105e-05
-8.819963783025741577e-02
-8.479385077953338623e-02
-2.671347856521606445e-01
-4.472225904464721680e-02
-1.845126599073410034e-01
-7.470951532013714314e-04
-4.520058333873748779e-01
-9.329352378845214844e-01
-1.331240981817245483e-01
-1.700047776103019714e-02
-5.729814618825912476e-02
-2.172290987800806761e-05
-1.034984737634658813e-01
-1.805113852024078369e-01
-9.733393901497584062e-17
-2.138765454292297363e-01
-1.128822192549705505e-02
-4.388157415391349524e-16
-5.834807637050687390e-10
-3.389104604721069336e-01
-2.122534625232219696e-02
-1.051981821656227112e-01
-5.074149370193481445e-02
-1.022937774658203125e+00
-2.632503211498260498e-01
-7.178168743848800659e-02
-1.074413186870515347e-03
-3.224747627973556519e-02
-8.420876264572143555e-01
-5.792140465849361999e-15
2.208281755447387695e-01
1.242987532168626785e-02
-5.782867223024368286e-02
-7.399141788482666016e-02
-5.204251737199695832e-20
-1.741302162408828735e-01
-2.364735305309295654e-01
2.757867053151130676e-02
-3.052630063393735327e-06
-1.177597584485218252e-19
4.414358139038085938e-01
-5.171838402748107910e-01
-2.034520953893661499e-01
-3.429812490940093994e-01
-1.250279694795608521e-02
-1.336463212966918945e+00
-9.486368894577026367e-01
-2.227152726845815778e-04
-9.780353903770446777e-01
-2.705471813678741455e-01
-1.372558772563934326e-01
-2.096047699451446533e-01
-2.986558675765991211e-01
-5.494890213012695312e-01
-1.118466647423432825e-12
-2.823491692543029785e-01
1.586405336856842041e-01
-3.626252843970305172e-28
-1.808595657348632812e-01
-8.038618415594100952e-02
-1.918190717697143555e-01
-6.526247411966323853e-02
-7.688242942094802856e-02
8.935443311929702759e-02
-1.349646747112274170e-01
-2.782798524947338592e-08
-3.987411558628082275e-01
2.694303095340728760e-01
-1.556650697231987124e-09
-1.618257313966751099e-01
-3.921756055206060410e-03
-2.389537543058395386e-02
-1.383948226494068890e-23
1.117017567157745361e-01
-2.993111498653888702e-03
-3.336210548877716064e-01
-5.439168810844421387e-01
1.658129841089248657e-01
-2.994714118540287018e-02
-1.714245975017547607e-01
-7.777009010314941406e-01
-1.318623591214418411e-02
-1.282501231950061715e-12
-1.888066828250885010e-01
-3.187488615512847900e-01
1.244933158159255981e-01
