3.248762711882591248e-02
2.073591202497482300e-02
4.174672439694404602e-02
2.571966499090194702e-02
1.414228044450283051e-02
-2.097379159238244029e-08
2.951834723353385925e-02
3.727597743272781372e-02
3.961800038814544678e-02
2.825277671217918396e-02
2.297317236661911011e-02
3.177597746253013611e-02
2.546134404838085175e-02
2.363675832748413086e-02
1.546509657055139542e-02
4.340062662959098816e-02
5.025886371731758118e-02
3.744652867317199707e-02
2.975241839885711670e-02
-1.965921751270672578e-21
2.410246245563030243e-02
2.945877052843570709e-02
2.349748834967613220e-02
4.636654630303382874e-02
1.982966437935829163e-02
2.203905396163463593e-02
3.626878559589385986e-02
1.962057314813137054e-02
2.439233474433422089e-02
1.970092579722404480e-02
3.568105772137641907e-02
2.348506264388561249e-02
4.149589315056800842e-02
2.391446195542812347e-02
3.020470961928367615e-02
3.285533562302589417e-02
3.594910353422164917e-02
4.433086514472961426e-02
2.318009547889232635e-02
3.974541276693344116e-02
3.239281103014945984e-02
3.089756146073341370e-02
3.144117817282676697e-02
2.278942428529262543e-02
2.912802249193191528e-02
3.656464070081710815e-02
3.585036098957061768e-02
3.146889805793762207e-02
2.900550514459609985e-02
4.310748353600502014e-02
4.191394150257110596e-02
3.100349009037017822e-02
3.104254975914955139e-02
2.223817817866802216e-02
2.298552356660366058e-02
2.877157181501388550e-02
2.551492117345333099e-02
4.268790036439895630e-02
1.586548797786235809e-02
5.249003320932388306e-02
2.185057289898395538e-02
3.056393563747406006e-02
3.491869568824768066e-02
4.737700149416923523e-02
