-1.574173569679260254e-01
1.142310053110122681e-01
7.773388922214508057e-02
2.792287170886993408e-01
2.327604889869689941e-01
2.605868875980377197e-01
1.896039992570877075e-01
2.484559714794158936e-01
1.431592404842376709e-01
4.015247225761413574e-01
7.222780585289001465e-02
-6.355121112765279732e-19
-1.049307862821535764e-11
2.327244579792022705e-01
3.023141026496887207e-01
1.853339076042175293e-01
3.784402012825012207e-01
-1.090468689799308777e-01
3.110707402229309082e-01
2.925008833408355713e-01
3.687449097633361816e-01
-8.451883494853973389e-02
8.361196517944335938e-02
1.289965361356735229e-01
1.136660501360893250e-01
2.201358824968338013e-01
3.550111949443817139e-01
-9.469968825578689575e-02
1.506995558738708496e-01
3.780196309089660645e-01
-6.634524197579594329e-06
1.416570991277694702e-01
6.490252166986465454e-02
5.016076378524303436e-03
8.332276344299316406e-02
9.347414970397949219e-02
3.212840259075164795e-01
2.902995645999908447e-01
2.190056443214416504e-01
8.917199075222015381e-02
2.921181321144104004e-01
1.822824627161026001e-01
1.873259618878364563e-02
1.862683296203613281e-01
1.756407171487808228e-01
1.294691488146781921e-02
1.877286583185195923e-01
1.874306648969650269e-01
3.536722362041473389e-01
2.316325008869171143e-01
2.793967723846435547e-01
2.328297793865203857e-01
2.432017326354980469e-01
1.949692368507385254e-01
3.000650405883789062e-01
5.056127905845642090e-02
1.939184814691543579e-01
1.735831648111343384e-01
-2.763929776847362518e-02
3.710404634475708008e-01
2.635654807090759277e-01
1.483069807291030884e-01
7.407855987548828125e-02
-1.926978081464767456e-01
