-2.847087755799293518e-02
-1.765756160020828247e-01
-4.832827746868133545e-01
-4.401876926422119141e-01
-5.187252759933471680e-01
-4.272342622280120850e-01
-4.777814447879791260e-01
-4.809648692607879639e-01
-6.051796674728393555e-01
-4.863563776016235352e-01
-7.543274015188217163e-02
-4.504515528678894043e-01
-4.357291460037231445e-01
-1.129248365759849548e-01
-4.972973465919494629e-01
-4.484939277172088623e-01
-6.517390012741088867e-01
-7.058623433113098145e-01
-4.786244332790374756e-01
-2.343623526394367218e-02
-1.689011976122856140e-02
-5.042639374732971191e-01
-4.423241019248962402e-01
-4.121295511722564697e-01
-5.066286325454711914e-01
-3.278126418590545654e-01
-5.038530826568603516e-01
-5.351149439811706543e-01
-3.615748882293701172e-01
-1.630889065563678741e-02
-4.981273412704467773e-01
-6.329692006111145020e-01
-4.828786253929138184e-01
-4.893787801265716553e-01
-5.794550776481628418e-01
-5.588935613632202148e-01
-4.952593445777893066e-01
-4.983687996864318848e-01
-6.661761999130249023e-01
-9.196856617927551270e-01
-6.035801172256469727e-01
-4.953325092792510986e-01
-4.153506159782409668e-01
-5.091059207916259766e-01
-4.552903771400451660e-01
-4.321942627429962158e-01
-4.955686926841735840e-01
-1.646559685468673706e-01
-9.078184515237808228e-02
-4.076676964759826660e-01
-4.724969565868377686e-01
-5.350471735000610352e-01
-2.555592656135559082e-01
-3.566402196884155273e-01
-4.403186142444610596e-01
-6.994648370891809464e-03
4.433145001530647278e-02
-5.567430257797241211e-01
-4.525383412837982178e-01
-3.408638834953308105e-01
-4.290502667427062988e-01
-4.002296924591064453e-01
-4.771758615970611572e-01
-6.200717687606811523e-01
-5.242550373077392578e-01
-1.800495684146881104e-01
-2.229683399200439453e-01
-4.687176346778869629e-01
-7.522187829017639160e-01
-3.838451802730560303e-01
-4.720833003520965576e-01
-2.695521414279937744e-01
-1.507689990103244781e-02
-6.459196209907531738e-01
-5.643343925476074219e-01
-4.791985750198364258e-01
-8.167055249214172363e-02
-5.010923370718955994e-02
-7.304022312164306641e-01
-4.536738693714141846e-01
-3.988861441612243652e-01
-5.054346919059753418e-01
-4.678048789501190186e-01
-6.355088353157043457e-01
-5.017157196998596191e-01
-5.079190135002136230e-01
-4.389138817787170410e-01
-4.641204774379730225e-01
-5.102489590644836426e-01
-4.970909655094146729e-01
-4.852864146232604980e-01
-4.869700968265533447e-01
-5.004771947860717773e-01
-4.706118106842041016e-01
-1.798304170370101929e-01
-3.874991834163665771e-01
-3.409940302371978760e-01
-1.244714409112930298e-01
-6.003327965736389160e-01
-4.937533140182495117e-01
-3.103316128253936768e-01
-4.051528573036193848e-01
-1.195034682750701904e-01
-5.426235795021057129e-01
-5.096684098243713379e-01
-2.626306712627410889e-01
-5.547124147415161133e-01
-6.075617074966430664e-01
-5.617477893829345703e-01
-4.688242375850677490e-01
-1.652631536126136780e-02
-2.719922065734863281e-01
-4.166129529476165771e-01
-3.602542281150817871e-01
-3.917512297630310059e-01
-2.649022042751312256e-01
-4.232170283794403076e-01
-4.842073023319244385e-01
-6.072604656219482422e-01
-4.622301459312438965e-01
-5.042279958724975586e-01
-4.678489565849304199e-01
-5.703312158584594727e-01
-7.109256833791732788e-02
-7.604567408561706543e-01
-3.669610619544982910e-01
-5.414258241653442383e-01
-4.532746672630310059e-01
-3.524335026741027832e-01
-3.746792301535606384e-02
-4.376800358295440674e-01
-5.693717002868652344e-01
-5.581091642379760742e-01
-4.728783965110778809e-01
-3.350408673286437988e-01
-5.612148642539978027e-01
-4.972687065601348877e-01
-5.041209459304809570e-01
-3.504101634025573730e-01
-4.833637773990631104e-01
-3.865734636783599854e-01
-5.633018612861633301e-01
-4.592638313770294189e-01
-4.357964694499969482e-01
-5.667913556098937988e-01
-3.493546843528747559e-01
-4.070641100406646729e-01
-3.696253597736358643e-01
-1.338575482368469238e-01
-5.587276443839073181e-02
-3.827333822846412659e-02
-3.567359596490859985e-02
-4.418552517890930176e-01
-6.495965719223022461e-01
-1.272866278886795044e-01
-3.176820576190948486e-01
-5.007922053337097168e-01
-5.300083756446838379e-01
-4.453410804271697998e-01
-1.844693720340728760e-02
4.782608523964881897e-02
-4.562028050422668457e-01
-3.670538961887359619e-01
-5.790559053421020508e-01
-3.462691903114318848e-01
-5.856518149375915527e-01
-4.055560529232025146e-01
-4.185781478881835938e-01
-4.065808057785034180e-01
-1.286511719226837158e-01
-4.504699707031250000e-01
-4.400627017021179199e-01
-1.769422888755798340e-01
-4.758578240871429443e-01
1.969350501894950867e-02
-3.277283906936645508e-01
-4.554746150970458984e-01
-3.971579074859619141e-01
-5.154309272766113281e-01
-1.555870771408081055e-01
-1.483305171132087708e-02
-3.679315745830535889e-01
-7.623265385627746582e-01
-5.008350610733032227e-01
-4.922584071755409241e-02
-1.453558802604675293e-01
-5.501933097839355469e-01
-5.349481105804443359e-01
-4.785501360893249512e-01
-6.958701014518737793e-01
-5.831905007362365723e-01
-3.129584789276123047e-01
-4.085851311683654785e-01
-4.353448450565338135e-01
-5.328856110572814941e-01
-4.378992021083831787e-01
-2.232192605733871460e-01
-6.476448774337768555e-01
-5.649138242006301880e-02
-4.660564661026000977e-01
-5.022929310798645020e-01
-5.117019414901733398e-01
-4.327006638050079346e-01
-4.771206378936767578e-01
-2.322885021567344666e-02
-4.546544551849365234e-01
-4.563549757003784180e-01
-1.843770965933799744e-02
-5.603042244911193848e-01
-4.916408360004425049e-01
-3.354277312755584717e-01
-5.030013918876647949e-01
-4.434460774064064026e-02
-6.200498938560485840e-01
-1.474162470549345016e-02
-6.025456190109252930e-01
-4.719229340553283691e-01
-3.584503233432769775e-01
-4.240128695964813232e-01
-4.963752627372741699e-01
-3.350738584995269775e-01
-3.391027450561523438e-02
-4.771043360233306885e-01
-4.548472762107849121e-01
-6.118191480636596680e-01
-6.368306875228881836e-01
-4.166083931922912598e-01
-3.974784165620803833e-02
-1.940075308084487915e-02
-1.218032538890838623e-01
-4.827814698219299316e-01
-4.919480085372924805e-01
-4.865828454494476318e-01
-4.787256121635437012e-01
-4.321262836456298828e-01
-5.772824287414550781e-01
-3.419717848300933838e-01
-3.807978332042694092e-01
-4.076858460903167725e-01
-4.181578755378723145e-01
-4.743335545063018799e-01
-2.945690155029296875e-01
-6.584430336952209473e-01
-4.077592790126800537e-01
-5.601633787155151367e-01
-4.866269230842590332e-01
-2.606965005397796631e-01
-4.804071187973022461e-01
-1.904948428273200989e-02
-4.218892157077789307e-01
-3.666742742061614990e-01
-3.433234691619873047e-01
-3.281158506870269775e-01
-4.913336634635925293e-01
-2.932497560977935791e-01
-4.959217309951782227e-01
-4.632195234298706055e-01
-4.614469110965728760e-01
-4.532023891806602478e-02
-5.117163062095642090e-01
-5.674182772636413574e-01
-3.783834576606750488e-01
-3.938409090042114258e-01
-4.799498915672302246e-01
-4.656731486320495605e-01
-6.269642710685729980e-01
-4.652911722660064697e-01
-6.728028059005737305e-01
-4.004504978656768799e-01
-3.514937162399291992e-01
-7.078641653060913086e-01
-3.539635539054870605e-01
-7.689651250839233398e-01
-3.999939560890197754e-01
-4.000313282012939453e-01
-4.462365806102752686e-01
-8.122596144676208496e-01
-3.322353363037109375e-01
-4.185741245746612549e-01
-4.211683869361877441e-01
-4.012363851070404053e-01
-3.499992787837982178e-01
-5.686626955866813660e-02
-5.588618516921997070e-01
-4.466675221920013428e-01
-9.428233653306961060e-02
-5.315244197845458984e-01
-5.591292977333068848e-01
-4.746884107589721680e-01
-4.896644949913024902e-01
-5.228217244148254395e-01
-5.615616440773010254e-01
-3.718671798706054688e-01
-3.137616813182830811e-01
-1.994632482528686523e-01
-6.399265527725219727e-01
-3.669843673706054688e-01
-3.673658072948455811e-01
-4.288601577281951904e-01
-6.471601128578186035e-01
-3.980424106121063232e-01
-2.130456119775772095e-01
-2.077174633741378784e-01
-4.903143048286437988e-01
-4.625706076622009277e-01
-4.425179064273834229e-01
-3.697184920310974121e-01
-3.740267157554626465e-01
-2.107391506433486938e-02
-6.028395295143127441e-01
-1.549966484308242798e-01
-3.880581855773925781e-01
-1.710735261440277100e-01
-4.104684591293334961e-01
-4.707705378532409668e-01
-4.795441925525665283e-01
-4.883545637130737305e-01
-3.586605489253997803e-01
-4.788283407688140869e-01
-1.550944447517395020e-01
-2.200676314532756805e-02
-3.979126363992691040e-02
-5.474655032157897949e-01
-1.264353934675455093e-02
-4.239306449890136719e-01
-5.513724684715270996e-01
-5.812300443649291992e-01
-6.074730753898620605e-01
-2.693375945091247559e-01
-4.113064408302307129e-01
-3.051621913909912109e-01
-5.186756849288940430e-01
-4.316565692424774170e-01
-1.163980178534984589e-02
-4.311100244522094727e-01
-2.162980586290359497e-01
-3.131204470992088318e-02
5.128394439816474915e-02
-6.756238937377929688e-01
-4.804623723030090332e-01
-4.891291558742523193e-01
-5.195946693420410156e-01
-5.077343583106994629e-01
-5.242611169815063477e-01
-5.258195102214813232e-02
-4.483008384704589844e-01
-4.573727250099182129e-01
-2.079951465129852295e-01
-4.395211338996887207e-01
-4.182156324386596680e-01
2.889166586101055145e-02
-3.784555196762084961e-01
-4.835721850395202637e-01
-5.341615676879882812e-01
-5.892119407653808594e-01
-5.141412615776062012e-01
-3.488101065158843994e-01
-4.106959998607635498e-01
-1.324627846479415894e-01
-4.720593392848968506e-01
-4.921135902404785156e-01
-4.899522960186004639e-01
-4.076193571090698242e-01
-3.280147612094879150e-01
-5.055845379829406738e-01
-4.390181601047515869e-01
-1.521025598049163818e-01
-4.390145540237426758e-01
-3.567502796649932861e-01
-4.065845310688018799e-01
-5.538332462310791016e-01
-4.872280061244964600e-01
-2.392226308584213257e-01
-4.558413922786712646e-01
-4.301942288875579834e-01
-1.907925009727478027e-01
-4.813907742500305176e-01
-6.126831769943237305e-01
-3.887506723403930664e-01
-1.171086654067039490e-01
-5.143712162971496582e-01
-4.503193497657775879e-01
-4.042786955833435059e-01
-2.449240237474441528e-01
-7.012835703790187836e-03
-3.613458573818206787e-01
-5.993243455886840820e-01
-5.064575076103210449e-01
-5.223662853240966797e-01
-4.704068601131439209e-01
-4.666236042976379395e-01
-5.325305461883544922e-01
-4.000740945339202881e-01
-4.214233756065368652e-01
-5.607870817184448242e-01
-4.685166180133819580e-01
-7.436539530754089355e-01
-3.750591874122619629e-01
-3.919260799884796143e-01
-5.733911991119384766e-01
-4.371728897094726562e-01
-1.754909008741378784e-02
-3.153247237205505371e-01
-4.362075924873352051e-01
-4.098581373691558838e-01
-6.844249963760375977e-01
-4.484674334526062012e-01
-5.138570070266723633e-01
-6.582852452993392944e-02
-4.081091284751892090e-01
-2.132855728268623352e-02
-4.250793457031250000e-01
-2.479145489633083344e-02
-7.753303050994873047e-01
-4.603417813777923584e-01
-4.618130624294281006e-01
-5.304747819900512695e-01
-4.449572265148162842e-01
-5.149707198143005371e-01
-4.715785086154937744e-01
-3.876323401927947998e-01
-4.966267049312591553e-01
-4.653821587562561035e-01
-5.113909244537353516e-01
-3.237381344661116600e-03
-2.206922471523284912e-01
-4.222591221332550049e-01
-6.696578264236450195e-01
-2.292438447475433350e-01
-1.602571643888950348e-02
-5.485811829566955566e-01
-4.270713329315185547e-01
-4.516484737396240234e-01
-3.960135281085968018e-01
-6.290548294782638550e-02
-2.616902887821197510e-01
-4.331316053867340088e-01
-6.547648310661315918e-01
-5.573096275329589844e-01
-5.622974038124084473e-01
-3.819513916969299316e-01
-4.552829861640930176e-01
-5.423907637596130371e-01
-4.790519773960113525e-01
-5.198332071304321289e-01
-5.575599670410156250e-01
-4.418524205684661865e-01
-2.375456243753433228e-01
-4.424158036708831787e-01
-5.015304684638977051e-01
-4.880961775779724121e-01
-5.532066226005554199e-01
-5.723771452903747559e-01
-3.828074634075164795e-01
-2.736993134021759033e-01
-5.534749627113342285e-01
-3.947750329971313477e-01
-5.357724428176879883e-01
-1.149914879351854324e-02
-3.408751636743545532e-02
-1.458462625741958618e-01
-5.474027395248413086e-01
-6.095578074455261230e-01
-4.278773367404937744e-01
-7.553116083145141602e-01
-5.011037588119506836e-01
-5.081164240837097168e-01
-6.239863634109497070e-01
-4.217856228351593018e-01
-2.224717848002910614e-02
-1.267195641994476318e-01
-4.654109776020050049e-01
-4.495023488998413086e-01
-5.156673192977905273e-01
-5.311501622200012207e-01
-2.661572992801666260e-01
-5.350256562232971191e-01
-3.288739919662475586e-01
-4.416888952255249023e-01
-5.227569341659545898e-01
-4.944776892662048340e-01
-2.969021499156951904e-01
-5.975452661514282227e-01
-4.129715561866760254e-01
-4.239880740642547607e-01
-3.648470342159271240e-01
-3.983035385608673096e-01
-5.068313479423522949e-01
-5.140388011932373047e-01
-4.475661218166351318e-01
-2.723468467593193054e-02
-5.458309650421142578e-01
-4.580458998680114746e-01
-3.401953279972076416e-01
-4.497598111629486084e-01
-4.750295877456665039e-01
-4.438007473945617676e-01
-5.041185617446899414e-01
-5.062937140464782715e-01
-4.674346446990966797e-01
-5.481461882591247559e-01
-6.541846990585327148e-01
-3.073399662971496582e-01
-9.561379253864288330e-02
-4.062865078449249268e-01
-5.933262705802917480e-01
-4.824616611003875732e-01
-4.294348359107971191e-01
-3.699937760829925537e-01
-5.782979726791381836e-01
-1.468311399221420288e-01
-1.606871634721755981e-01
-5.391560196876525879e-01
-2.955931238830089569e-02
-4.495808482170104980e-01
-4.932111203670501709e-01
-3.064372539520263672e-01
-4.213536083698272705e-01
-1.366582810878753662e-01
-2.189450711011886597e-01
-5.005003809928894043e-01
-4.868876039981842041e-01
-1.204425543546676636e-01
-5.354778170585632324e-01
-4.154483675956726074e-01
-4.403324723243713379e-01
-4.350396394729614258e-01
-4.382236003875732422e-01
-5.180492997169494629e-01
-2.384385764598846436e-01
-3.801713585853576660e-01
-4.474544227123260498e-01
-1.005731150507926941e-01
-4.149664342403411865e-01
-5.292822718620300293e-01
-2.547038793563842773e-01
-5.324713587760925293e-01
-3.528415858745574951e-01
-4.345819652080535889e-01
-1.468355804681777954e-01
-6.176551338285207748e-03
-5.233338475227355957e-01
-6.014446616172790527e-01
-4.104838967323303223e-01
-2.210659347474575043e-02
-3.845119774341583252e-01
-4.639174342155456543e-01
-5.716659426689147949e-01
-4.610478878021240234e-01
-3.230090811848640442e-02
-4.768656194210052490e-01
-4.299422204494476318e-01
-3.514117896556854248e-01
-1.379731148481369019e-01
-1.344285160303115845e-01
-8.403694629669189453e-01
-5.210050940513610840e-01
-5.431452989578247070e-01
-5.097416639328002930e-01
-4.550841152667999268e-01
-5.323804020881652832e-01
-4.847658574581146240e-01
-5.457194447517395020e-01
-4.972752630710601807e-01
-5.533627867698669434e-01
-3.036223649978637695e-01
-5.920754075050354004e-01
-8.313021063804626465e-01
-5.042683482170104980e-01
-4.740353524684906006e-01
-6.056143641471862793e-01
-4.869567751884460449e-01
-4.012582302093505859e-01
-5.244215130805969238e-01
-3.251077830791473389e-01
-4.104342162609100342e-01
-4.543607831001281738e-01
-4.463614225387573242e-01
-5.218197107315063477e-01
-3.965854942798614502e-01
-4.498131275177001953e-01
-8.809901475906372070e-01
-2.724293619394302368e-02
-5.713576674461364746e-01
-5.456992387771606445e-01
-4.785615801811218262e-01
-5.111934542655944824e-01
-3.890207111835479736e-01
-2.100342065095901489e-01
-4.647259116172790527e-01
-2.270472645759582520e-01
-4.512155652046203613e-01
-4.938343763351440430e-01
-4.362404644489288330e-01
-1.261926591396331787e-01
-4.381060302257537842e-01
-4.478071331977844238e-01
-4.413023591041564941e-01
-2.493122220039367676e-01
-4.919447302818298340e-01
-2.157424390316009521e-01
-1.524096727371215820e-01
-3.087925314903259277e-01
-4.802092313766479492e-01
-6.053947806358337402e-01
-4.601429998874664307e-01
-4.918304979801177979e-01
-6.398723721504211426e-01
-3.450310826301574707e-01
-4.561908841133117676e-01
-4.433926045894622803e-01
-4.200101196765899658e-01
-4.006205201148986816e-01
-4.179443120956420898e-01
-5.758513808250427246e-01
-3.689664006233215332e-01
-4.472524821758270264e-01
-3.549449741840362549e-01
-1.694368422031402588e-01
-3.410078883171081543e-01
-3.578112721443176270e-01
-3.292372077703475952e-02
-4.414856433868408203e-01
-3.444374501705169678e-01
-3.060060441493988037e-01
-4.164730310440063477e-01
-4.224480688571929932e-01
-4.309664964675903320e-01
-6.292383372783660889e-02
-3.695335686206817627e-01
-6.005610823631286621e-01
-4.740040302276611328e-01
-3.746731281280517578e-01
-1.814737170934677124e-02
-5.178479552268981934e-01
-4.614528715610504150e-01
-4.406988918781280518e-01
-4.412318468093872070e-01
-5.368505120277404785e-01
-4.116866588592529297e-01
-6.406529545783996582e-01
-4.691677093505859375e-01
-5.969538688659667969e-01
-5.292298197746276855e-01
-5.446865558624267578e-01
-3.066083192825317383e-01
-3.785399794578552246e-01
-3.187140226364135742e-01
-2.452803850173950195e-01
-7.514601349830627441e-01
-3.363208174705505371e-01
-4.307913780212402344e-01
-2.940336763858795166e-01
-5.484693050384521484e-01
-5.546199679374694824e-01
-5.847515463829040527e-01
-4.900441467761993408e-01
-9.565171599388122559e-02
-8.404890298843383789e-01
-3.845165669918060303e-01
-8.073338866233825684e-01
-4.273545145988464355e-01
-1.534224674105644226e-02
-4.544858932495117188e-01
-8.818497061729431152e-01
-5.571028590202331543e-01
-9.083100594580173492e-03
-4.802172780036926270e-01
-2.032102942466735840e-01
-7.790371775627136230e-01
-7.536880970001220703e-01
-5.716462135314941406e-01
-6.145300269126892090e-01
-4.812706410884857178e-01
-6.692638397216796875e-01
-6.430986523628234863e-01
-4.447917044162750244e-01
-5.951904654502868652e-01
-3.258545994758605957e-01
-6.231489181518554688e-01
-4.402961432933807373e-01
-1.273734029382467270e-02
-4.176234602928161621e-01
-5.420239567756652832e-01
5.178929492831230164e-02
-3.930578231811523438e-01
-4.854731261730194092e-01
-5.051652193069458008e-01
-5.010732412338256836e-01
-4.725152552127838135e-01
-3.361980319023132324e-01
-7.958807051181793213e-02
-6.590114831924438477e-01
-5.198372006416320801e-01
-5.954627394676208496e-01
-4.708914458751678467e-01
-5.995295047760009766e-01
-4.699878022074699402e-02
-4.681888520717620850e-01
-4.814009368419647217e-01
-6.707613468170166016e-01
-5.244848728179931641e-01
-3.888272941112518311e-01
-5.971507430076599121e-01
-3.020485341548919678e-01
-2.988312244415283203e-01
-2.667067386209964752e-02
-3.877202272415161133e-01
-4.566977322101593018e-01
-4.910254776477813721e-01
-2.513339519500732422e-01
-7.061251401901245117e-01
-4.222896993160247803e-01
-9.758580476045608521e-02
-4.811315536499023438e-01
-8.632105588912963867e-02
-5.122070908546447754e-01
-3.880642950534820557e-01
-4.871943891048431396e-01
-3.913629055023193359e-01
-6.325557231903076172e-01
-1.689999997615814209e-01
-3.601824343204498291e-01
-1.093850731849670410e-01
-6.043628454208374023e-01
-1.333454251289367676e-02
-6.939449161291122437e-02
-6.042644381523132324e-01
-5.385376811027526855e-01
-3.781437873840332031e-02
-5.988032817840576172e-01
-3.340674638748168945e-01
-3.054732382297515869e-01
-3.923503756523132324e-01
-3.955403566360473633e-01
-5.527510046958923340e-01
-3.772245943546295166e-01
-4.861674308776855469e-01
-4.428160786628723145e-01
-2.890965528786182404e-02
-3.341425210237503052e-02
-4.337313175201416016e-01
-6.890042871236801147e-02
-3.213306665420532227e-01
-8.864887356758117676e-01
-1.501336134970188141e-02
-5.006536245346069336e-01
-4.483795166015625000e-01
-5.082868337631225586e-01
-4.981547296047210693e-01
-5.966234207153320312e-01
-4.426316022872924805e-01
-8.285017609596252441e-01
-4.889720678329467773e-01
-3.848008513450622559e-01
-4.124448597431182861e-01
-1.495345681905746460e-01
-5.646048784255981445e-01
-4.863758385181427002e-01
-5.868505239486694336e-01
-4.297525584697723389e-01
-4.555795714259147644e-02
-1.338263452053070068e-01
-5.234453082084655762e-01
-4.811323285102844238e-01
-4.315229058265686035e-01
-5.042674392461776733e-02
-6.340242028236389160e-01
-3.850845396518707275e-01
-8.280861973762512207e-01
-4.089211821556091309e-01
-3.662690818309783936e-01
-3.773959875106811523e-01
-4.992012977600097656e-01
-4.755074977874755859e-01
-8.607427030801773071e-02
-4.796275496482849121e-01
-3.535597622394561768e-01
-3.398962020874023438e-01
-2.552909553050994873e-01
-5.206848978996276855e-01
-2.490893453359603882e-01
-4.181486368179321289e-02
-5.997249484062194824e-01
-4.273672997951507568e-01
-1.597675681114196777e-01
-4.440958797931671143e-01
-4.019715189933776855e-01
-4.675457775592803955e-01
-2.227556705474853516e-01
-3.759646415710449219e-01
-5.520094037055969238e-01
-5.186645984649658203e-01
-4.652896523475646973e-01
-4.758463799953460693e-01
-5.294666290283203125e-01
-5.810339450836181641e-01
-4.761048853397369385e-01
-5.833600759506225586e-01
-4.503277838230133057e-01
-2.079453617334365845e-01
-3.618135750293731689e-01
-1.261118985712528229e-02
-5.335443615913391113e-01
-4.357265532016754150e-01
-4.595523476600646973e-01
-5.437620878219604492e-01
-4.545868337154388428e-01
-4.582454860210418701e-01
-8.430682867765426636e-02
-1.030488982796669006e-01
-4.338738918304443359e-01
-5.249050259590148926e-01
-4.673991203308105469e-01
-5.815938115119934082e-01
-3.460955619812011719e-01
-3.200207650661468506e-01
-5.012492537498474121e-01
-4.559407234191894531e-01
-5.835709571838378906e-01
-3.792482912540435791e-01
-5.207397937774658203e-01
-4.400893449783325195e-01
-4.686266779899597168e-01
-4.378639161586761475e-01
-4.454629719257354736e-01
-4.125003516674041748e-02
-2.335689365863800049e-01
-2.411181293427944183e-02
-4.978290796279907227e-01
-3.777323961257934570e-01
-5.045737028121948242e-01
-4.577772617340087891e-01
-4.569710791110992432e-01
-5.592414736747741699e-01
-3.157027661800384521e-01
-4.848178625106811523e-01
-4.659611582756042480e-01
-1.161878407001495361e-01
-3.631953597068786621e-01
-5.996179580688476562e-01
-3.359467685222625732e-01
-9.572792798280715942e-02
-4.870448410511016846e-01
-4.574176073074340820e-01
-4.920556545257568359e-01
-5.097168684005737305e-01
-5.173162817955017090e-01
-4.996522367000579834e-01
-1.513941437005996704e-01
-5.125824809074401855e-01
-6.108704805374145508e-01
-5.173401236534118652e-01
-4.971107840538024902e-01
-4.864963293075561523e-01
-4.305475354194641113e-01
-9.646879509091377258e-03
-9.094197750091552734e-01
-4.154390096664428711e-01
-3.711343109607696533e-01
-2.297958582639694214e-01
-3.278530538082122803e-01
-4.725544154644012451e-01
-2.881850302219390869e-01
-3.327917158603668213e-01
-5.489102602005004883e-01
-4.715013504028320312e-01
-3.131889998912811279e-01
-5.543854236602783203e-01
-5.375365614891052246e-01
-4.180781543254852295e-01
-4.739401638507843018e-01
-4.481125771999359131e-01
-3.896269500255584717e-01
-3.629086911678314209e-01
-4.001959264278411865e-01
-3.936428725719451904e-01
-4.967919886112213135e-01
-8.005871176719665527e-01
-4.387987256050109863e-01
-4.214982986450195312e-01
4.632236808538436890e-02
-5.163121223449707031e-01
-5.334493517875671387e-01
-5.639724135398864746e-01
-4.556792974472045898e-01
-4.694192707538604736e-01
-6.281121969223022461e-01
-5.282722115516662598e-01
-5.062784552574157715e-01
-9.832576662302017212e-02
-4.397007524967193604e-01
-5.860072970390319824e-01
-5.549458265304565430e-01
-3.990940451622009277e-01
-4.271242618560791016e-01
-3.914141952991485596e-01
-3.429863229393959045e-02
-5.395328402519226074e-01
-3.606138378381729126e-02
-5.548024773597717285e-01
-8.508933782577514648e-01
-3.992694616317749023e-01
-5.334718227386474609e-01
5.429797247052192688e-02
-1.136059984564781189e-01
-5.082949995994567871e-01
-3.500434458255767822e-01
-3.250928595662117004e-02
-4.747886359691619873e-01
-5.081071853637695312e-01
-6.880238056182861328e-01
-4.940958321094512939e-01
-5.295572280883789062e-01
-5.605760216712951660e-01
-2.388738542795181274e-01
-3.919650018215179443e-01
-5.033252835273742676e-01
-4.838467240333557129e-01
-3.701007068157196045e-01
-4.223734736442565918e-01
-3.005253970623016357e-01
-3.890998661518096924e-01
-2.171217650175094604e-01
-5.278169512748718262e-01
-7.628576755523681641e-01
-2.309923768043518066e-01
-4.904523789882659912e-01
-5.359062552452087402e-01
-5.379418134689331055e-01
-3.489967286586761475e-01
-4.989126920700073242e-01
-6.002891659736633301e-01
-1.616921089589595795e-02
-4.497694671154022217e-01
-4.743952304124832153e-02
-5.850362181663513184e-01
-4.031171202659606934e-01
-5.700158476829528809e-01
-4.916188418865203857e-01
-1.158701255917549133e-01
-4.881407618522644043e-01
-7.051213383674621582e-01
-4.851767718791961670e-01
-5.464985966682434082e-01
-5.390594601631164551e-01
-6.532322764396667480e-01
-1.463636904954910278e-01
-5.105677247047424316e-01
-4.275896847248077393e-01
-1.392722222954034805e-02
-5.647554993629455566e-01
-6.758821196854114532e-03
-4.151688218116760254e-01
-3.799106478691101074e-01
-2.786038815975189209e-01
-6.454684138298034668e-01
-2.981800138950347900e-01
-4.363956451416015625e-01
-3.979875743389129639e-01
-3.852596879005432129e-01
-4.778332114219665527e-01
-4.422314465045928955e-01
-6.884612441062927246e-01
-2.171911895275115967e-01
-4.634786546230316162e-01
-8.698356151580810547e-01
-4.875074923038482666e-01
-4.091483950614929199e-01
-2.124765217304229736e-01
-5.126522779464721680e-01
-4.773561954498291016e-01
-4.212660789489746094e-01
-4.757579416036605835e-02
-4.585856795310974121e-01
-4.388685226440429688e-01
-5.444304943084716797e-01
-5.827667713165283203e-01
-5.384117960929870605e-01
-4.754923582077026367e-01
-5.038245320320129395e-01
-1.452555358409881592e-01
-5.430870056152343750e-01
-4.768266677856445312e-01
-4.755606353282928467e-01
-5.476664900779724121e-01
-2.934787049889564514e-02
-6.347820758819580078e-01
-2.389078885316848755e-01
-3.235711753368377686e-01
-5.513905882835388184e-01
-7.501248735934495926e-03
-5.378690958023071289e-01
-3.511219620704650879e-01
-6.663696169853210449e-01
-2.055869847536087036e-01
-2.843867540359497070e-01
-6.319859027862548828e-01
-3.840431571006774902e-01
-3.848393857479095459e-01
-2.658687829971313477e-01
-4.617026746273040771e-01
-7.021405696868896484e-01
-2.297130879014730453e-03
-4.428526163101196289e-01
-3.753754124045372009e-02
-7.743009924888610840e-01
-4.710699617862701416e-01
-5.884730219841003418e-01
-2.496106773614883423e-01
-5.032081007957458496e-01
-5.177066326141357422e-01
-5.378668308258056641e-01
-5.207745432853698730e-01
-4.411124587059020996e-01
-3.712695240974426270e-01
-3.756881058216094971e-01
-4.668900668621063232e-01
-5.495720505714416504e-01
-1.901702024042606354e-02
-4.586282968521118164e-01
-3.490630388259887695e-01
-4.477976858615875244e-01
-3.847381472587585449e-02
